1 0
11 1
21 1
31 1
41 1
51 0
61 1
71 0
81 1
91 1
101 1
111 1
121 1
131 0
141 1
151 0
161 0
171 0
181 0
191 0
201 1
211 0
221 1
231 1
241 0
251 1
261 1
271 0
281 0
291 0
301 1
311 1
321 1
331 1
341 0
351 0
361 0
371 1
381 0
391 0
401 1
411 1
421 0
431 1
441 0
451 0
461 0
471 0
481 0
491 1
501 0
511 1
521 1
531 0
541 1
551 1
561 0
571 0
581 0
591 1
601 1
611 1
621 1
631 0
641 1
651 0
661 1
671 1
681 1
691 1
701 0
711 0
721 1
731 1
741 0
751 0
761 0
771 1
781 0
791 0
801 0
811 1
821 1
831 1
841 0
851 0
861 1
871 0
881 0
891 1
901 1
911 0
921 0
931 1
941 0
951 1
961 1
971 1
981 0
991 0
1001 1
1011 0
1021 1
1031 1
1041 1
1051 1
1061 1
1071 0
1081 1
1091 0
1101 0
1111 0
1121 0
1131 0
1141 1
1151 0
1161 1
1171 0
1181 0
1191 0
1201 0
1211 1
1221 0
1231 1
1241 0
1251 0
1261 0
1271 0
1281 1
1291 0
1301 1
1311 0
1321 1
1331 1
1341 0
1351 0
1361 1
1371 0
1381 1
1391 1
1401 1
1411 0
1421 1
1431 1
1441 0
1451 0
1461 1
1471 1
1481 0
1491 1
1501 1
1511 0
1521 0
1531 0
1541 1
1551 0
1561 1
1571 0
1581 0
1591 1
1601 1
1611 1
1621 0
1631 1
1641 0
1651 0
1661 0
1671 0
1681 0
1691 1
1701 0
1711 0
1721 0
1731 1
1741 1
1751 1
1761 0
1771 0
1781 1
1791 0
1801 0
1811 0
1821 0
1831 0
1841 0
1851 1
1861 0
1871 0
1881 0
1891 0
1901 0
1911 0
1921 1
1931 0
1941 1
1951 0
1961 0
1971 0
1981 1
1991 1
2001 0
2011 1
2021 1
2031 0
2041 0
2051 0
2061 1
2071 0
2081 1
2091 0
2101 0
2111 0
2121 0
2131 0
2141 1
2151 0
2161 1
2171 0
2181 0
2191 0
2201 0
2211 0
2221 1
2231 0
2241 1
2251 1
2261 1
2271 1
2281 1
2291 0
2301 1
2311 0
2321 1
2331 1
2341 1
2351 1
2361 0
2371 1
2381 0
2391 1
2401 1
2411 1
2421 1
2431 1
2441 0
2451 1
2461 0
2471 0
2481 1
2491 1
2501 0
2511 0
2521 1
2531 0
2541 0
2551 1
2561 1
2571 1
2581 0
2591 0
2601 1
2611 1
2621 0
2631 0
2641 0
2651 0
2661 1
2671 0
2681 1
2691 0
2701 0
2711 0
2721 0
2731 0
2741 1
2751 0
2761 1
2771 0
2781 0
2791 0
2801 1
2811 1
2821 0
2831 1
2841 1
2851 1
2861 0
2871 0
2881 0
2891 0
2901 0
2911 0
2921 0
2931 0
2941 1
2951 1
2961 1
2971 1
2981 0
2991 0
3001 0
3011 1
3021 0
3031 1
3041 0
3051 1
3061 1
3071 0
3081 0
3091 1
3101 1
3111 1
3121 0
3131 0
3141 0
3151 0
3161 1
3171 1
3181 1
3191 1
3201 1
3211 1
3221 1
3231 1
3241 0
3251 0
3261 1
3271 1
3281 1
3291 1
3301 0
3311 1
3321 0
3331 1
3341 0
3351 1
3361 1
3371 0
3381 1
3391 1
3401 1
3411 1
3421 1
3431 0
3441 1
3451 0
3461 0
3471 1
3481 0
3491 0
3501 1
3511 0
3521 1
3531 1
3541 0
3551 1
3561 1
3571 1
3581 1
3591 1
3601 1
3611 1
3621 0
3631 1
3641 1
3651 0
3661 1
3671 0
3681 1
3691 0
3701 0
3711 1
3721 0
3731 0
3741 0
3751 1
3761 1
3771 0
3781 0
3791 0
3801 1
3811 1
3821 0
3831 1
3841 1
3851 1
3861 0
3871 1
3881 1
3891 0
3901 0
3911 0
3921 0
3931 1
3941 0
3951 1
3961 1
3971 0
3981 0
3991 0
4001 1
4011 0
4021 1
4031 0
4041 0
4051 0
4061 0
4071 0
4081 1
4091 0
4101 1
4111 0
4121 0
4131 0
4141 1
4151 1
4161 0
4171 1
4181 1
4191 0
4201 0
4211 0
4221 1
4231 0
4241 1
4251 0
4261 1
4271 1
4281 1
4291 0
4301 0
4311 1
4321 1
4331 0
4341 1
4351 1
4361 1
4371 0
4381 0
4391 0
4401 1
4411 0
4421 0
4431 0
4441 1
4451 1
4461 0
4471 1
4481 1
4491 0
4501 0
4511 1
4521 1
4531 0
4541 1
4551 0
4561 0
4571 1
4581 1
4591 0
4601 0
4611 1
4621 0
4631 0
4641 0
4651 0
4661 0
4671 0
4681 1
4691 0
4701 0
4711 1
4721 1
4731 1
4741 1
4751 0
4761 0
4771 1
4781 0
4791 0
4801 0
4811 0
4821 1
4831 1
4841 1
4851 0
4861 1
4871 1
4881 1
4891 1
4901 0
4911 1
4921 0
4931 1
4941 0
4951 0
4961 1
4971 0
4981 1
4991 0
5001 0
5011 1
5021 1
5031 1
5041 1
5051 0
5061 0
5071 1
5081 0
5091 0
5101 0
5111 0
5121 0
5131 1
5141 0
5151 1
5161 1
5171 0
5181 0
5191 1
5201 1
5211 0
5221 1
5231 1
5241 1
5251 1
5261 1
5271 14
5281 0
5291 1
5301 0
5311 0
5321 0
5331 0
5341 0
5351 1
5361 0
5371 0
5381 1
5391 1
5401 1
5411 1
5421 0
5431 1
5441 0
5451 1
5461 1
5471 1
5481 1
5491 1
5501 0
5511 1
5521 0
5531 0
5541 1
5551 10
5561 0
5571 1
5581 0
5591 0
5601 0
5611 1
5621 0
5631 0
5641 0
5651 0
5661 0
5671 1
5681 0
5691 0
5701 1
5711 1
5721 0
5731 0
5741 1
5751 1
5761 1
5771 0
5781 1
5791 0
5801 0
5811 1
5821 0
5831 0
5841 1
5851 0
5861 1
5871 1
5881 1
5891 1
5901 1
5911 0
5921 1
5931 1
5941 0
5951 0
5961 0
5971 1
5981 0
5991 1
6001 0
6011 0
6021 1
6031 1
6041 1
6051 1
6061 1
6071 1
6081 1
6091 0
6101 1
6111 1
6121 1
6131 1
6141 1
6151 0
6161 0
6171 0
6181 1
6191 0
6201 1
6211 1
6221 1
6231 1
6241 0
6251 1
6261 0
6271 0
6281 1
6291 1
6301 0
6311 1
6321 0
6331 0
6341 0
6351 0
6361 1
6371 0
6381 1
6391 1
6401 0
6411 1
6421 0
6431 0
6441 0
6451 1
6461 0
6471 0
6481 1
6491 0
6501 0
6511 1
6521 1
6531 0
6541 0
6551 1
6561 0
6571 0
6581 1
6591 1
6601 0
6611 0
6621 1
6631 0
6641 1
6651 1
6661 1
6671 1
6681 0
6691 1
6701 0
6711 1
6721 1
6731 1
6741 1
6751 1
6761 0
6771 0
6781 0
6791 0
6801 1
6811 0
6821 1
6831 0
6841 0
6851 0
6861 0
6871 1
6881 0
6891 1
6901 0
6911 0
6921 0
6931 0
6941 1
6951 1
6961 1
6971 0
6981 1
6991 1
7001 1
7011 0
7021 1
7031 1
7041 1
7051 0
7061 0
7071 0
7081 0
7091 0
7101 0
7111 0
7121 1
7131 1
7141 1
7151 1
7161 1
7171 0
7181 1
7191 1
7201 0
7211 0
7221 0
7231 1
7241 0
7251 1
7261 1
7271 1
7281 1
7291 1
7301 1
7311 0
7321 1
7331 1
7341 0
7351 0
7361 0
7371 1
7381 1
7391 0
7401 1
7411 0
7421 1
7431 1
7441 0
7451 1
7461 0
7471 1
7481 1
7491 1
7501 0
7511 1
7521 1
7531 0
7541 0
7551 0
7561 0
7571 0
7581 0
7591 1
7601 0
7611 0
7621 1
7631 1
7641 1
7651 0
7661 0
7671 1
7681 0
7691 0
7701 0
7711 0
7721 1
7731 0
7741 1
7751 0
7761 0
7771 1
7781 1
7791 0
7801 0
7811 1
7821 0
7831 1
7841 1
7851 0
7861 0
7871 1
7881 1
7891 0
7901 1
7911 0
7921 0
7931 0
7941 0
7951 0
7961 1
7971 0
7981 1
7991 0
8001 0
8011 0
8021 1
8031 0
8041 1
8051 0
8061 1
8071 1
8081 1
8091 1
8101 0
8111 0
8121 1
8131 0
8141 0
8151 0
8161 0
8171 0
8181 0
8191 1
8201 0
8211 0
8221 1
8231 1
8241 1
8251 0
8261 1
8271 0
8281 1
8291 1
8301 1
8311 1
8321 1
8331 1
8341 0
8351 1
8361 0
8371 0
8381 0
8391 0
8401 1
8411 0
8421 1
8431 0
8441 1
8451 0
8461 1
8471 0
8481 0
8491 0
8501 0
8511 1
8521 0
8531 0
8541 1
8551 0
8561 0
8571 1
8581 1
8591 0
8601 0
8611 0
8621 1
8631 1
8641 0
8651 1
8661 1
8671 1
8681 1
8691 1
8701 0
8711 1
8721 0
8731 1
8741 1
8751 1
8761 1
8771 1
8781 1
8791 0
8801 0
8811 1
8821 1
8831 1
8841 1
8851 0
8861 1
8871 0
8881 1
8891 1
8901 1
8911 1
8921 1
8931 0
8941 1
8951 0
8961 0
8971 0
8981 0
8991 0
9001 0
9011 1
9021 0
9031 0
9041 0
9051 0
9061 0
9071 0
9081 1
9091 0
9101 1
9111 1
9121 1
9131 1
9141 0
9151 0
9161 1
9171 0
9181 0
9191 0
9201 0
9211 0
9221 0
9231 1
9241 0
9251 0
9261 1
9271 1
9281 1
9291 0
9301 0
9311 1
9321 1
9331 0
9341 0
9351 0
9361 0
9371 0
9381 1
9391 0
9401 1
9411 1
9421 1
9431 1
9441 0
9451 1
9461 0
9471 1
9481 1
9491 0
9501 1
9511 1
9521 1
9531 0
9541 0
9551 1
9561 0
9571 1
9581 0
9591 0
9601 1
9611 0
9621 0
9631 1
9641 1
9651 1
9661 1
9671 0
9681 1
9691 0
9701 1
9711 1
9721 1
9731 1
9741 1
9751 0
9761 1
9771 0
9781 0
9791 0
9801 0
9811 0
9821 1
9831 0
9841 1
9851 0
9861 0
9871 0
9881 1
9891 1
9901 0
9911 1
9921 0
9931 0
9941 0
9951 0
9961 0
9971 0
9981 1
9991 0
10001 0
10011 0
10021 0
10031 0
10041 0
10051 0
10061 0
10071 1
10081 1
10091 0
10101 1
10111 1
10121 0
10131 0
10141 0
10151 1
10161 1
10171 1
10181 0
10191 0
10201 1
10211 1
10221 1
10231 1
10241 0
10251 0
10261 0
10271 1
10281 0
10291 1
10301 1
10311 1
10321 1
10331 0
10341 1
10351 0
10361 1
10371 1
10381 0
10391 0
10401 0
10411 1
10421 0
10431 1
10441 0
10451 1
10461 1
10471 1
10481 0
10491 0
10501 1
10511 0
10521 0
10531 1
10541 1
10551 1
10561 1
10571 1
10581 0
10591 0
10601 1
10611 1
10621 1
10631 0
10641 0
10651 1
10661 1
10671 0
10681 0
10691 0
10701 0
10711 1
10721 0
10731 1
10741 0
10751 0
10761 0
10771 0
10781 0
10791 1
10801 1
10811 0
10821 1
10831 1
10841 1
10851 1
10861 0
10871 1
10881 0
10891 1
10901 1
10911 1
10921 1
10931 0
10941 0
10951 1
10961 1
10971 0
10981 0
10991 0
11001 0
11011 0
11021 1
11031 1
11041 0
11051 1
11061 0
11071 1
11081 0
11091 0
11101 1
11111 1
11121 0
11131 0
11141 1
11151 1
11161 0
11171 1
11181 1
11191 1
11201 1
11211 1
11221 1
11231 0
11241 1
11251 0
11261 1
11271 1
11281 1
11291 1
11301 1
11311 0
11321 1
11331 0
11341 1
11351 1
11361 1
11371 1
11381 0
11391 1
11401 0
11411 1
11421 1
11431 0
11441 1
11451 1
11461 0
11471 1
11481 0
11491 1
11501 1
11511 0
11521 0
11531 1
11541 0
11551 0
11561 0
11571 0
11581 0
11591 0
11601 0
11611 1
11621 0
11631 1
11641 1
11651 1
11661 1
11671 1
11681 1
11691 0
11701 0
11711 1
11721 0
11731 1
11741 1
11751 1
11761 1
11771 0
11781 1
11791 0
11801 0
11811 0
11821 0
11831 0
11841 1
11851 0
11861 0
11871 0
11881 1
11891 0
11901 0
11911 0
11921 0
11931 1
11941 0
11951 0
11961 0
11971 1
11981 1
11991 0
12001 1
12011 0
12021 0
12031 0
12041 0
12051 0
12061 1
12071 0
12081 1
12091 0
12101 0
12111 0
12121 1
12131 1
12141 0
12151 1
12161 1
12171 0
12181 0
12191 0
12201 0
12211 1
12221 0
12231 0
12241 0
12251 1
12261 0
12271 0
12281 1
12291 1
12301 0
12311 0
12321 1
12331 1
12341 1
12351 0
12361 0
12371 0
12381 1
12391 0
12401 0
12411 1
12421 1
12431 1
12441 1
12451 0
12461 1
12471 1
12481 1
12491 0
12501 0
12511 1
12521 0
12531 1
12541 1
12551 1
12561 1
12571 0
12581 0
12591 1
12601 0
12611 1
12621 0
12631 1
12641 1
12651 1
12661 0
12671 1
12681 0
12691 0
12701 0
12711 0
12721 1
12731 0
12741 0
12751 0
12761 1
12771 0
12781 1
12791 0
12801 1
12811 0
12821 1
12831 1
12841 0
12851 0
12861 1
12871 1
12881 0
12891 1
12901 0
12911 0
12921 0
12931 0
12941 0
12951 1
12961 0
12971 1
12981 0
12991 1
13001 0
13011 1
13021 1
13031 0
13041 1
13051 1
13061 0
13071 0
13081 1
13091 1
13101 0
13111 1
13121 1
13131 1
13141 1
13151 1
13161 1
13171 0
13181 1
13191 1
13201 1
13211 1
13221 1
13231 0
13241 1
13251 1
13261 1
13271 0
13281 1
13291 0
13301 1
13311 1
13321 1
13331 0
13341 1
13351 0
13361 0
13371 1
13381 1
13391 0
13401 0
13411 1
13421 0
13431 0
13441 0
13451 0
13461 0
13471 0
13481 1
13491 0
13501 0
13511 1
13521 1
13531 1
13541 0
13551 0
13561 0
13571 1
13581 0
13591 0
13601 0
13611 0
13621 1
13631 1
13641 1
13651 0
13661 0
13671 1
13681 1
13691 1
13701 1
13711 0
13721 1
13731 1
13741 1
13751 0
13761 1
13771 1
13781 0
13791 1
13801 0
13811 1
13821 0
13831 1
13841 1
13851 1
13861 0
13871 1
13881 0
13891 0
13901 0
13911 0
13921 1
13931 1
13941 0
13951 0
13961 1
13971 1
13981 1
13991 1
14001 1
14011 1
14021 0
14031 1
14041 0
14051 1
14061 1
14071 1
14081 1
14091 0
14101 1
14111 1
14121 1
14131 0
14141 0
14151 1
14161 1
14171 0
14181 0
14191 1
14201 1
14211 0
14221 0
14231 1
14241 0
14251 0
14261 1
14271 1
14281 0
14291 1
14301 0
14311 1
14321 0
14331 1
14341 1
14351 0
14361 0
14371 1
14381 0
14391 1
14401 0
14411 0
14421 0
14431 0
14441 1
14451 0
14461 1
14471 0
14481 0
14491 0
14501 0
14511 0
14521 1
14531 1
14541 0
14551 1
14561 0
14571 1
14581 1
14591 0
14601 1
14611 0
14621 1
14631 0
14641 0
14651 0
14661 0
14671 1
14681 1
14691 1
14701 0
14711 1
14721 1
14731 1
14741 0
14751 0
14761 1
14771 0
14781 1
14791 0
14801 1
14811 0
14821 1
14831 0
14841 1
14851 1
14861 1
14871 1
14881 1
14891 1
14901 1
14911 0
14921 1
14931 1
14941 1
14951 1
14961 0
14971 0
14981 1
14991 0
15001 1
15011 1
15021 1
15031 1
15041 0
15051 1
15061 0
15071 0
15081 0
15091 1
15101 0
15111 0
15121 1
15131 0
15141 1
15151 1
15161 1
15171 1
15181 1
15191 1
15201 0
15211 1
15221 1
15231 0
15241 0
15251 1
15261 1
15271 0
15281 1
15291 1
15301 0
15311 0
15321 0
15331 0
15341 0
15351 0
15361 0
15371 1
15381 1
15391 1
15401 1
15411 0
15421 0
15431 0
15441 1
15451 0
15461 1
15471 1
15481 0
15491 1
15501 0
15511 1
15521 0
15531 0
15541 0
15551 1
15561 0
15571 1
15581 0
15591 1
15601 1
15611 1
15621 1
15631 1
15641 0
15651 1
15661 0
15671 0
15681 0
15691 0
15701 0
15711 0
15721 1
15731 0
15741 0
15751 0
15761 0
15771 0
15781 1
15791 0
15801 0
15811 0
15821 1
15831 1
15841 1
15851 1
15861 1
15871 0
15881 1
15891 1
15901 0
15911 0
15921 0
15931 0
15941 1
15951 0
15961 1
15971 1
15981 0
15991 0
16001 1
16011 0
16021 0
16031 0
16041 1
16051 1
16061 0
16071 1
16081 1
16091 0
16101 1
16111 0
16121 1
16131 1
16141 1
16151 0
16161 0
16171 0
16181 1
16191 0
16201 0
16211 0
16221 0
16231 1
16241 1
16251 0
16261 0
16271 1
16281 1
16291 1
16301 0
16311 0
16321 1
16331 0
16341 0
16351 0
16361 0
16371 0
16381 1
16391 0
16401 1
16411 1
16421 0
16431 1
16441 1
16451 0
16461 1
16471 0
16481 1
16491 0
16501 1
16511 0
16521 1
16531 1
16541 0
16551 1
16561 0
16571 1
16581 0
16591 0
16601 1
16611 1
16621 0
16631 1
16641 0
16651 1
16661 1
16671 0
16681 0
16691 0
16701 1
16711 1
16721 0
16731 0
16741 1
16751 1
16761 0
16771 1
16781 0
16791 0
16801 1
16811 1
16821 0
16831 1
16841 0
16851 1
16861 1
16871 0
16881 1
16891 1
16901 1
16911 0
16921 1
16931 0
16941 0
16951 0
16961 0
16971 1
16981 1
16991 0
17001 1
17011 1
17021 0
17031 0
17041 1
17051 0
17061 0
17071 1
17081 0
17091 0
17101 1
17111 0
17121 0
17131 1
17141 1
17151 1
17161 0
17171 0
17181 0
17191 0
17201 0
17211 1
17221 0
17231 1
17241 1
17251 1
17261 1
17271 1
17281 0
17291 1
17301 0
17311 0
17321 0
17331 0
17341 1
17351 1
17361 1
17371 1
17381 0
17391 0
17401 1
17411 1
17421 0
17431 1
17441 0
17451 1
17461 1
17471 1
17481 1
17491 1
17501 0
17511 0
17521 0
17531 1
17541 1
17551 0
17561 1
17571 1
17581 0
17591 0
17601 1
17611 1
17621 1
17631 1
17641 1
17651 1
17661 0
17671 0
17681 1
17691 1
17701 1
17711 0
17721 0
17731 1
17741 0
17751 1
17761 0
17771 0
17781 0
17791 0
17801 0
17811 1
17821 1
17831 1
17841 1
17851 1
17861 0
17871 0
17881 1
17891 0
17901 1
17911 1
17921 1
17931 1
17941 1
17951 0
17961 1
17971 0
17981 1
17991 1
18001 0
18011 0
18021 0
18031 1
18041 0
18051 1
18061 1
18071 1
18081 1
18091 1
18101 0
18111 1
18121 1
18131 1
18141 0
18151 0
18161 1
18171 1
18181 0
18191 1
18201 1
18211 0
18221 0
18231 0
18241 1
18251 1
18261 0
18271 1
18281 1
18291 0
18301 0
18311 0
18321 1
18331 1
18341 0
18351 1
18361 1
18371 1
18381 0
18391 1
18401 1
18411 0
18421 1
18431 1
18441 1
18451 1
18461 1
18471 1
18481 0
18491 1
18501 1
18511 1
18521 1
18531 1
18541 0
18551 0
18561 1
18571 1
18581 0
18591 0
18601 0
18611 0
18621 1
18631 1
18641 1
18651 0
18661 0
18671 0
18681 0
18691 1
18701 1
18711 0
18721 0
18731 1
18741 0
18751 0
18761 1
18771 1
18781 0
18791 0
18801 1
18811 1
18821 1
18831 1
18841 0
18851 1
18861 1
18871 1
18881 0
18891 0
18901 1
18911 1
18921 0
18931 1
18941 0
18951 1
18961 1
18971 1
18981 1
18991 0
19001 1
19011 0
19021 0
19031 0
19041 0
19051 0
19061 0
19071 1
19081 1
19091 1
19101 0
19111 0
19121 0
19131 0
19141 1
19151 0
19161 1
19171 1
19181 0
19191 1
19201 0
19211 1
19221 1
19231 1
19241 0
19251 0
19261 0
19271 1
19281 1
19291 1
19301 0
19311 1
19321 1
19331 0
19341 0
19351 0
19361 1
19371 1
19381 0
19391 0
19401 0
19411 1
19421 1
19431 1
19441 1
19451 1
19461 1
19471 0
19481 0
19491 0
19501 1
19511 1
19521 0
19531 1
19541 1
19551 0
19561 0
19571 0
19581 1
19591 1
19601 1
19611 1
19621 1
19631 1
19641 1
19651 1
19661 1
19671 0
19681 1
19691 0
19701 0
19711 1
19721 0
19731 0
19741 0
19751 1
19761 0
19771 0
19781 0
19791 0
19801 0
19811 1
19821 1
19831 0
19841 0
19851 1
19861 1
19871 1
19881 1
19891 1
19901 0
19911 0
19921 1
19931 1
19941 1
19951 1
19961 0
19971 1
19981 0
19991 1
20001 1
20011 0
20021 0
20031 0
20041 0
20051 0
20061 1
20071 0
20081 0
20091 0
20101 0
20111 1
20121 0
20131 0
20141 1
20151 1
20161 1
20171 1
20181 1
20191 1
20201 1
20211 0
20221 0
20231 0
20241 0
20251 0
20261 1
20271 0
20281 0
20291 1
20301 1
20311 1
20321 0
20331 11
20341 1
20351 1
20361 1
20371 1
20381 1
20391 1
20401 1
20411 0
20421 1
20431 1
20441 1
20451 1
20461 1
20471 1
20481 0
20491 0
20501 1
20511 1
20521 0
20531 0
20541 0
20551 0
20561 1
20571 1
20581 1
20591 1
20601 0
20611 0
20621 1
20631 1
20641 0
20651 1
20661 0
20671 0
20681 1
20691 1
20701 1
20711 1
20721 0
20731 1
20741 1
20751 0
20761 0
20771 1
20781 1
20791 0
20801 1
20811 1
20821 1
20831 1
20841 0
20851 0
20861 1
20871 0
20881 1
20891 0
20901 0
20911 0
20921 1
20931 1
20941 0
20951 1
20961 1
20971 0
20981 0
20991 0
21001 0
21011 1
21021 0
21031 1
21041 1
21051 1
21061 1
21071 1
21081 0
21091 1
21101 0
21111 0
21121 1
21131 1
21141 1
21151 1
21161 1
21171 0
21181 1
21191 1
21201 0
21211 0
21221 0
21231 1
21241 0
21251 0
21261 0
21271 1
21281 1
21291 1
21301 0
21311 1
21321 0
21331 1
21341 0
21351 0
21361 0
21371 1
21381 0
21391 1
21401 0
21411 0
21421 1
21431 1
21441 1
21451 0
21461 0
21471 1
21481 0
21491 0
21501 0
21511 0
21521 0
21531 0
21541 1
21551 0
21561 0
21571 0
21581 1
21591 1
21601 0
21611 1
21621 1
21631 0
21641 0
21651 0
21661 0
21671 0
21681 0
21691 1
21701 0
21711 1
21721 0
21731 0
21741 0
21751 1
21761 1
21771 0
21781 1
21791 1
21801 1
21811 1
21821 1
21831 1
21841 0
21851 1
21861 0
21871 1
21881 1
21891 1
21901 0
21911 1
21921 1
21931 1
21941 0
21951 0
21961 0
21971 0
21981 1
21991 0
22001 1
22011 0
22021 0
22031 1
22041 1
22051 1
22061 0
22071 1
22081 0
22091 1
22101 1
22111 1
22121 0
22131 0
22141 1
22151 1
22161 0
22171 0
22181 0
22191 0
22201 1
22211 0
22221 1
22231 0
22241 0
22251 1
22261 0
22271 1
22281 1
22291 0
22301 1
22311 1
22321 0
22331 0
22341 1
22351 1
22361 1
22371 1
22381 1
22391 1
22401 1
22411 1
22421 0
22431 1
22441 0
22451 1
22461 0
22471 0
22481 1
22491 1
22501 0
22511 1
22521 1
22531 1
22541 1
22551 0
22561 1
22571 1
22581 0
22591 1
22601 0
22611 0
22621 1
22631 1
22641 1
22651 0
22661 0
22671 1
22681 0
22691 1
22701 0
22711 1
22721 1
22731 0
22741 1
22751 0
22761 0
22771 0
22781 0
22791 0
22801 1
22811 0
22821 1
22831 1
22841 1
22851 1
22861 1
22871 0
22881 0
22891 1
22901 1
22911 1
22921 0
22931 0
22941 1
22951 1
22961 0
22971 1
22981 1
22991 1
23001 1
23011 0
23021 1
23031 0
23041 1
23051 0
23061 0
23071 0
23081 0
23091 0
23101 0
23111 1
23121 1
23131 0
23141 0
23151 1
23161 0
23171 0
23181 1
23191 0
23201 1
23211 1
23221 0
23231 0
23241 1
23251 1
23261 0
23271 1
23281 1
23291 0
23301 0
23311 1
23321 0
23331 0
23341 1
23351 1
23361 0
23371 0
23381 0
23391 0
23401 1
23411 0
23421 1
23431 1
23441 1
23451 1
23461 0
23471 0
23481 1
23491 1
23501 0
23511 0
23521 0
23531 0
23541 0
23551 1
23561 0
23571 1
23581 0
23591 0
23601 0
23611 0
23621 1
23631 1
23641 0
23651 1
23661 1
23671 1
23681 1
23691 1
23701 0
23711 1
23721 0
23731 0
23741 1
23751 1
23761 1
23771 0
23781 1
23791 0
23801 1
23811 1
23821 1
23831 0
23841 1
23851 1
23861 0
23871 1
23881 1
23891 0
23901 1
23911 1
23921 1
23931 0
23941 1
23951 1
23961 0
23971 1
23981 0
23991 0
24001 0
24011 1
24021 1
24031 1
24041 0
24051 1
24061 1
24071 1
24081 0
24091 0
24101 1
24111 1
24121 0
24131 0
24141 1
24151 0
24161 1
24171 1
24181 1
24191 1
24201 0
24211 0
24221 1
24231 0
24241 1
24251 1
24261 0
24271 0
24281 1
24291 1
24301 0
24311 1
24321 1
24331 0
24341 0
24351 0
24361 1
24371 1
24381 0
24391 1
24401 1
24411 0
24421 1
24431 1
24441 1
24451 0
24461 1
24471 1
24481 0
24491 0
24501 0
24511 1
24521 0
24531 1
24541 1
24551 1
24561 1
24571 1
24581 1
24591 0
24601 0
24611 0
24621 0
24631 1
24641 1
24651 1
24661 0
24671 1
24681 0
24691 1
24701 1
24711 1
24721 1
24731 1
24741 0
24751 0
24761 0
24771 1
24781 1
24791 1
24801 1
24811 1
24821 1
24831 1
24841 1
24851 1
24861 0
24871 1
24881 0
24891 1
24901 1
24911 1
24921 0
24931 0
24941 0
24951 0
24961 0
24971 1
24981 0
24991 0
25001 1
25011 1
25021 1
25031 0
25041 0
25051 1
25061 0
25071 0
25081 0
25091 0
25101 0
25111 0
25121 1
25131 0
25141 1
25151 1
25161 1
25171 1
25181 1
25191 0
25201 0
25211 1
25221 0
25231 1
25241 1
25251 0
25261 0
25271 1
25281 0
25291 1
25301 0
25311 0
25321 0
25331 1
25341 1
25351 0
25361 0
25371 1
25381 1
25391 0
25401 0
25411 0
25421 1
25431 0
25441 1
25451 1
25461 0
25471 1
25481 0
25491 1
25501 0
25511 1
25521 0
25531 1
25541 1
25551 1
25561 1
25571 1
25581 1
25591 1
25601 1
25611 0
25621 0
25631 1
25641 0
25651 1
25661 1
25671 0
25681 0
25691 1
25701 1
25711 0
25721 0
25731 1
25741 1
25751 1
25761 0
25771 1
25781 0
25791 0
25801 0
25811 0
25821 1
25831 1
25841 1
25851 1
25861 0
25871 1
25881 1
25891 0
25901 0
25911 1
25921 0
25931 1
25941 0
25951 1
25961 0
25971 0
25981 1
25991 1
26001 1
26011 0
26021 1
26031 1
26041 0
26051 0
26061 0
26071 0
26081 1
26091 1
26101 0
26111 0
26121 1
26131 1
26141 1
26151 0
26161 1
26171 0
26181 1
26191 1
26201 1
26211 1
26221 1
26231 1
26241 0
26251 0
26261 0
26271 0
26281 0
26291 1
26301 1
26311 0
26321 1
26331 0
26341 1
26351 1
26361 1
26371 1
26381 1
26391 1
26401 0
26411 1
26421 1
26431 1
26441 0
26451 1
26461 1
26471 1
26481 0
26491 1
26501 0
26511 1
26521 1
26531 1
26541 0
26551 1
26561 0
26571 0
26581 0
26591 0
26601 1
26611 0
26621 1
26631 0
26641 0
26651 0
26661 0
26671 0
26681 1
26691 0
26701 1
26711 1
26721 0
26731 0
26741 0
26751 1
26761 0
26771 1
26781 1
26791 0
26801 0
26811 0
26821 1
26831 0
26841 1
26851 0
26861 0
26871 0
26881 1
26891 0
26901 0
26911 1
26921 1
26931 1
26941 0
26951 0
26961 0
26971 0
26981 1
26991 1
27001 0
27011 0
27021 0
27031 0
27041 0
27051 1
27061 1
27071 0
27081 0
27091 1
27101 0
27111 1
27121 0
27131 1
27141 0
27151 1
27161 1
27171 0
27181 0
27191 1
27201 1
27211 0
27221 1
27231 0
27241 0
27251 0
27261 0
27271 1
27281 0
27291 0
27301 1
27311 1
27321 1
27331 1
27341 1
27351 0
27361 1
27371 1
27381 0
27391 1
27401 1
27411 1
27421 0
27431 1
27441 1
27451 1
27461 1
27471 1
27481 1
27491 1
27501 1
27511 0
27521 1
27531 0
27541 1
27551 0
27561 0
27571 0
27581 1
27591 0
27601 1
27611 1
27621 0
27631 1
27641 0
27651 0
27661 1
27671 0
27681 0
27691 0
27701 1
27711 1
27721 0
27731 1
27741 0
27751 1
27761 0
27771 0
27781 0
27791 1
27801 0
27811 1
27821 0
27831 1
27841 1
27851 1
27861 1
27871 0
27881 1
27891 1
27901 0
27911 1
27921 1
27931 1
27941 1
27951 0
27961 1
27971 0
27981 0
27991 0
28001 1
28011 0
28021 0
28031 1
28041 0
28051 1
28061 0
28071 0
28081 0
28091 1
28101 1
28111 0
28121 1
28131 0
28141 9
28151 0
28161 0
28171 1
28181 0
28191 1
28201 0
28211 0
28221 0
28231 0
28241 0
28251 0
28261 1
28271 1
28281 0
28291 1
28301 0
28311 1
28321 1
28331 0
28341 0
28351 0
28361 1
28371 1
28381 0
28391 1
28401 0
28411 1
28421 1
28431 1
28441 1
28451 0
28461 0
28471 1
28481 1
28491 0
28501 1
28511 1
28521 1
28531 1
28541 0
28551 0
28561 0
28571 0
28581 1
28591 1
28601 1
28611 1
28621 1
28631 0
28641 0
28651 0
28661 0
28671 1
28681 0
28691 0
28701 1
28711 0
28721 0
28731 1
28741 1
28751 1
28761 0
28771 0
28781 1
28791 0
28801 0
28811 1
28821 1
28831 1
28841 1
28851 0
28861 1
28871 0
28881 0
28891 1
28901 1
28911 1
28921 0
28931 0
28941 0
28951 1
28961 1
28971 1
28981 0
28991 0
29001 1
29011 0
29021 1
29031 1
29041 1
29051 1
29061 0
29071 1
29081 1
29091 1
29101 0
29111 0
29121 0
29131 0
29141 0
29151 0
29161 0
29171 0
29181 1
29191 1
29201 1
29211 1
29221 1
29231 0
29241 0
29251 1
29261 0
29271 0
29281 0
29291 1
29301 0
29311 1
29321 1
29331 0
29341 0
29351 0
29361 0
29371 1
29381 0
29391 1
29401 1
29411 0
29421 1
29431 0
29441 1
29451 1
29461 0
29471 1
29481 1
29491 1
29501 1
29511 1
29521 0
29531 0
29541 0
29551 1
29561 1
29571 1
29581 1
29591 0
29601 1
29611 0
29621 0
29631 0
29641 0
29651 0
29661 1
29671 1
29681 1
29691 0
29701 1
29711 0
29721 1
29731 1
29741 0
29751 1
29761 0
29771 1
29781 0
29791 1
29801 1
29811 1
29821 0
29831 0
29841 0
29851 1
29861 1
29871 1
29881 0
29891 1
29901 1
29911 1
29921 0
29931 0
29941 1
29951 1
29961 1
29971 0
29981 1
29991 1
30001 1
30011 1
30021 0
30031 1
30041 1
30051 0
30061 0
30071 1
30081 1
30091 0
30101 0
30111 1
30121 1
30131 0
30141 0
30151 0
30161 0
30171 1
30181 1
30191 1
30201 1
30211 0
30221 0
30231 1
30241 0
30251 0
30261 1
30271 0
30281 1
30291 0
30301 0
30311 0
30321 0
30331 0
30341 1
30351 0
30361 1
30371 1
30381 1
30391 0
30401 1
30411 0
30421 0
30431 0
30441 1
30451 1
30461 1
30471 1
30481 0
30491 0
30501 1
30511 0
30521 0
30531 1
30541 1
30551 0
30561 1
30571 1
30581 0
30591 0
30601 1
30611 1
30621 1
30631 0
30641 1
30651 0
30661 1
30671 1
30681 0
30691 1
30701 1
30711 0
30721 0
30731 1
30741 0
30751 0
30761 1
30771 1
30781 0
30791 1
30801 0
30811 1
30821 1
30831 1
30841 1
30851 1
30861 0
30871 1
30881 0
30891 1
30901 1
30911 1
30921 0
30931 0
30941 0
30951 0
30961 0
30971 0
30981 0
30991 1
31001 0
31011 1
31021 0
31031 1
31041 0
31051 1
31061 0
31071 0
31081 1
31091 0
31101 1
31111 1
31121 1
31131 1
31141 1
31151 1
31161 0
31171 1
31181 0
31191 0
31201 1
31211 1
31221 0
31231 1
31241 0
31251 1
31261 0
31271 0
31281 0
31291 0
31301 0
31311 1
31321 1
31331 0
31341 0
31351 1
31361 1
31371 0
31381 1
31391 0
31401 0
31411 0
31421 0
31431 0
31441 0
31451 1
31461 1
31471 1
31481 0
31491 0
31501 1
31511 1
31521 0
31531 0
31541 1
31551 0
31561 1
31571 1
31581 1
31591 1
31601 1
31611 0
31621 1
31631 0
31641 0
31651 1
31661 1
31671 0
31681 0
31691 0
31701 0
31711 1
31721 0
31731 0
31741 0
31751 1
31761 0
31771 0
31781 0
31791 0
31801 1
31811 1
31821 0
31831 0
31841 1
31851 0
31861 0
31871 1
31881 1
31891 1
31901 0
31911 0
31921 0
31931 1
31941 1
31951 1
31961 1
31971 1
31981 0
31991 1
32001 0
32011 1
32021 1
32031 0
32041 0
32051 1
32061 1
32071 1
32081 1
32091 1
32101 0
32111 0
32121 0
32131 0
32141 1
32151 0
32161 0
32171 1
32181 1
32191 1
32201 1
32211 0
32221 1
32231 1
32241 0
32251 0
32261 0
32271 0
32281 0
32291 1
32301 0
32311 0
32321 1
32331 1
32341 0
32351 1
32361 1
32371 1
32381 1
32391 1
32401 1
32411 1
32421 0
32431 0
32441 0
32451 1
32461 1
32471 1
32481 1
32491 1
32501 1
32511 1
32521 0
32531 1
32541 1
32551 1
32561 1
32571 0
32581 0
32591 1
32601 0
32611 1
32621 0
32631 1
32641 1
32651 1
32661 1
32671 1
32681 1
32691 0
32701 0
32711 0
32721 0
32731 0
32741 1
32751 0
32761 0
32771 0
32781 1
32791 0
32801 0
32811 0
32821 1
32831 0
32841 0
32851 0
32861 1
32871 1
32881 1
32891 1
32901 1
32911 1
32921 0
32931 1
32941 1
32951 0
32961 1
32971 1
32981 0
32991 10
33001 1
33011 1
33021 0
33031 0
33041 0
33051 1
33061 1
33071 1
33081 1
33091 0
33101 1
33111 1
33121 0
33131 1
33141 0
33151 0
33161 1
33171 0
33181 1
33191 1
33201 1
33211 0
33221 1
33231 0
33241 1
33251 1
33261 1
33271 1
33281 1
33291 1
33301 0
33311 1
33321 1
33331 1
33341 0
33351 1
33361 1
33371 1
33381 1
33391 1
33401 0
33411 1
33421 0
33431 1
33441 1
33451 1
33461 0
33471 1
33481 0
33491 1
33501 0
33511 1
33521 1
33531 1
33541 0
33551 1
33561 0
33571 0
33581 0
33591 0
33601 0
33611 1
33621 0
33631 0
33641 1
33651 1
33661 1
33671 0
33681 1
33691 1
33701 0
33711 1
33721 0
33731 0
33741 1
33751 1
33761 1
33771 0
33781 0
33791 1
33801 1
33811 1
33821 0
33831 0
33841 1
33851 1
33861 0
33871 0
33881 0
33891 0
33901 0
33911 1
33921 0
33931 0
33941 0
33951 0
33961 0
33971 0
33981 0
33991 0
34001 1
34011 0
34021 1
34031 1
34041 1
34051 1
34061 0
34071 0
34081 0
34091 0
34101 0
34111 1
34121 0
34131 0
34141 0
34151 0
34161 1
34171 0
34181 0
34191 1
34201 1
34211 1
34221 0
34231 1
34241 0
34251 0
34261 1
34271 1
34281 0
34291 0
34301 1
34311 1
34321 0
34331 0
34341 0
34351 0
34361 0
34371 1
34381 0
34391 1
34401 0
34411 1
34421 0
34431 0
34441 1
34451 1
34461 1
34471 0
34481 0
34491 0
34501 0
34511 0
34521 1
34531 1
34541 1
34551 1
34561 1
34571 0
34581 1
34591 1
34601 0
34611 1
34621 1
34631 1
34641 0
34651 1
34661 1
34671 0
34681 1
34691 0
34701 1
34711 1
34721 0
34731 0
34741 1
34751 1
34761 1
34771 0
34781 0
34791 0
34801 0
34811 1
34821 1
34831 1
34841 1
34851 0
34861 1
34871 1
34881 0
34891 1
34901 0
34911 1
34921 1
34931 0
34941 0
34951 1
34961 0
34971 1
34981 0
34991 1
35001 1
35011 0
35021 0
35031 1
35041 1
35051 1
35061 0
35071 0
35081 1
35091 1
35101 0
35111 1
35121 1
35131 0
35141 0
35151 0
35161 1
35171 1
35181 1
35191 1
35201 1
35211 0
35221 0
35231 1
35241 1
35251 1
35261 1
35271 0
35281 0
35291 0
35301 1
35311 1
35321 0
35331 1
35341 1
35351 0
35361 1
35371 1
35381 1
35391 0
35401 0
35411 1
35421 1
35431 1
35441 0
35451 1
35461 1
35471 0
35481 1
35491 0
35501 0
35511 1
35521 1
35531 0
35541 1
35551 1
35561 0
35571 1
35581 1
35591 1
35601 0
35611 1
35621 1
35631 0
35641 1
35651 0
35661 0
35671 0
35681 0
35691 0
35701 1
35711 0
35721 1
35731 1
35741 0
35751 1
35761 1
35771 0
35781 0
35791 1
35801 0
35811 1
35821 1
35831 1
35841 0
35851 1
35861 0
35871 0
35881 0
35891 0
35901 1
35911 0
35921 1
35931 0
35941 1
35951 0
35961 1
35971 1
35981 1
35991 0
36001 1
36011 0
36021 1
36031 1
36041 0
36051 0
36061 0
36071 1
36081 0
36091 1
36101 0
36111 0
36121 0
36131 1
36141 1
36151 1
36161 0
36171 1
36181 0
36191 1
36201 0
36211 1
36221 0
36231 1
36241 0
36251 1
36261 0
36271 0
36281 0
36291 0
36301 0
36311 1
36321 0
36331 1
36341 0
36351 1
36361 1
36371 1
36381 1
36391 1
36401 1
36411 1
36421 1
36431 1
36441 1
36451 1
36461 0
36471 1
36481 0
36491 1
36501 1
36511 1
36521 1
36531 0
36541 1
36551 0
36561 0
36571 0
36581 1
36591 1
36601 0
36611 1
36621 0
36631 1
36641 1
36651 1
36661 1
36671 1
36681 1
36691 0
36701 1
36711 1
36721 1
36731 1
36741 1
36751 1
36761 0
36771 1
36781 1
36791 1
36801 0
36811 0
36821 1
36831 0
36841 0
36851 1
36861 1
36871 0
36881 1
36891 1
36901 0
36911 0
36921 1
36931 1
36941 1
36951 1
36961 1
36971 1
36981 0
36991 0
37001 1
37011 0
37021 1
37031 1
37041 0
37051 1
37061 0
37071 1
37081 0
37091 0
37101 1
37111 1
37121 1
37131 0
37141 0
37151 0
37161 0
37171 0
37181 1
37191 1
37201 1
37211 1
37221 1
37231 1
37241 0
37251 1
37261 1
37271 0
37281 0
37291 1
37301 1
37311 0
37321 0
37331 0
37341 0
37351 1
37361 0
37371 1
37381 1
37391 0
37401 0
37411 1
37421 1
37431 1
37441 1
37451 1
37461 1
37471 0
37481 0
37491 1
37501 1
37511 0
37521 1
37531 1
37541 1
37551 1
37561 0
37571 1
37581 1
37591 0
37601 1
37611 1
37621 1
37631 1
37641 0
37651 0
37661 0
37671 1
37681 1
37691 0
37701 0
37711 1
37721 1
37731 0
37741 1
37751 0
37761 0
37771 0
37781 0
37791 1
37801 1
37811 1
37821 1
37831 1
37841 0
37851 0
37861 1
37871 0
37881 1
37891 1
37901 0
37911 1
37921 1
37931 0
37941 1
37951 0
37961 1
37971 0
37981 0
37991 0
38001 0
38011 0
38021 0
38031 1
38041 1
38051 0
38061 1
38071 0
38081 1
38091 1
38101 1
38111 1
38121 1
38131 1
38141 1
38151 1
38161 1
38171 0
38181 0
38191 1
38201 1
38211 1
38221 0
38231 0
38241 1
38251 1
38261 1
38271 1
38281 0
38291 0
38301 1
38311 1
38321 0
38331 0
38341 0
38351 1
38361 1
38371 1
38381 1
38391 1
38401 1
38411 0
38421 1
38431 1
38441 1
38451 1
38461 1
38471 0
38481 1
38491 0
38501 1
38511 0
38521 1
38531 0
38541 1
38551 0
38561 1
38571 1
38581 1
38591 1
38601 0
38611 0
38621 0
38631 1
38641 0
38651 1
38661 0
38671 0
38681 0
38691 0
38701 0
38711 1
38721 0
38731 1
38741 0
38751 1
38761 1
38771 0
38781 0
38791 0
38801 1
38811 1
38821 0
38831 0
38841 1
38851 1
38861 0
38871 1
38881 1
38891 1
38901 1
38911 0
38921 0
38931 1
38941 1
38951 1
38961 0
38971 1
38981 0
38991 1
39001 0
39011 0
39021 1
39031 0
39041 0
39051 0
39061 0
39071 0
39081 1
39091 0
39101 1
39111 0
39121 0
39131 0
39141 0
39151 1
39161 0
39171 0
39181 1
39191 1
39201 0
39211 1
39221 0
39231 1
39241 0
39251 1
39261 1
39271 1
39281 0
39291 0
39301 1
39311 0
39321 0
39331 0
39341 0
39351 0
39361 0
39371 1
39381 0
39391 0
39401 1
39411 1
39421 1
39431 0
39441 1
39451 0
39461 0
39471 1
39481 1
39491 1
39501 1
39511 1
39521 0
39531 0
39541 1
39551 1
39561 1
39571 0
39581 0
39591 1
39601 1
39611 1
39621 0
39631 1
39641 1
39651 1
39661 0
39671 0
39681 0
39691 0
39701 0
39711 0
39721 1
39731 1
39741 0
39751 0
39761 1
39771 0
39781 0
39791 0
39801 1
39811 0
39821 1
39831 0
39841 1
39851 0
39861 1
39871 0
39881 1
39891 1
39901 0
39911 1
39921 1
39931 1
39941 1
39951 1
39961 0
39971 0
39981 1
39991 0
40001 0
40011 0
40021 1
40031 1
40041 0
40051 1
40061 0
40071 0
40081 1
40091 1
40101 1
40111 1
40121 0
40131 1
40141 0
40151 1
40161 1
40171 0
40181 1
40191 0
40201 1
40211 1
40221 0
40231 1
40241 1
40251 1
40261 0
40271 0
40281 0
40291 0
40301 1
40311 1
40321 1
40331 0
40341 0
40351 0
40361 1
40371 1
40381 1
40391 1
40401 1
40411 1
40421 1
40431 1
40441 0
40451 1
40461 1
40471 1
40481 1
40491 0
40501 1
40511 0
40521 0
40531 0
40541 0
40551 1
40561 1
40571 1
40581 0
40591 1
40601 0
40611 0
40621 0
40631 0
40641 0
40651 0
40661 0
40671 1
40681 1
40691 1
40701 0
40711 1
40721 0
40731 1
40741 0
40751 0
40761 1
40771 1
40781 0
40791 1
40801 0
40811 0
40821 0
40831 0
40841 1
40851 1
40861 0
40871 1
40881 1
40891 0
40901 0
40911 0
40921 0
40931 1
40941 0
40951 0
40961 1
40971 1
40981 0
40991 1
41001 0
41011 1
41021 0
41031 1
41041 0
41051 0
41061 1
41071 1
41081 0
41091 1
41101 0
41111 1
41121 1
41131 1
41141 1
41151 1
41161 0
41171 1
41181 1
41191 1
41201 1
41211 1
41221 1
41231 0
41241 1
41251 1
41261 0
41271 0
41281 1
41291 0
41301 0
41311 1
41321 0
41331 1
41341 0
41351 1
41361 1
41371 0
41381 1
41391 0
41401 1
41411 1
41421 1
41431 1
41441 1
41451 0
41461 0
41471 0
41481 1
41491 0
41501 0
41511 0
41521 0
41531 1
41541 1
41551 1
41561 0
41571 0
41581 1
41591 1
41601 0
41611 0
41621 1
41631 1
41641 1
41651 1
41661 1
41671 0
41681 0
41691 1
41701 1
41711 1
41721 0
41731 0
41741 0
41751 1
41761 0
41771 1
41781 0
41791 0
41801 1
41811 0
41821 1
41831 1
41841 0
41851 0
41861 1
41871 1
41881 0
41891 1
41901 1
41911 0
41921 0
41931 0
41941 1
41951 1
41961 0
41971 1
41981 0
41991 0
42001 1
42011 0
42021 0
42031 0
42041 0
42051 1
42061 0
42071 0
42081 0
42091 1
42101 0
42111 0
42121 1
42131 1
42141 0
42151 1
42161 0
42171 0
42181 0
42191 0
42201 1
42211 0
42221 0
42231 0
42241 1
42251 1
42261 1
42271 1
42281 1
42291 0
42301 1
42311 0
42321 0
42331 0
42341 0
42351 1
42361 0
42371 0
42381 1
42391 1
42401 1
42411 0
42421 1
42431 1
42441 0
42451 0
42461 0
42471 0
42481 0
42491 0
42501 0
42511 0
42521 1
42531 1
42541 0
42551 0
42561 1
42571 1
42581 1
42591 0
42601 1
42611 1
42621 1
42631 1
42641 0
42651 0
42661 0
42671 0
42681 0
42691 1
42701 1
42711 1
42721 0
42731 1
42741 1
42751 0
42761 1
42771 1
42781 0
42791 1
42801 1
42811 0
42821 1
42831 0
42841 0
42851 1
42861 1
42871 1
42881 0
42891 1
42901 1
42911 1
42921 1
42931 1
42941 0
42951 1
42961 0
42971 1
42981 1
42991 1
43001 1
43011 1
43021 1
43031 0
43041 1
43051 1
43061 1
43071 0
43081 1
43091 0
43101 1
43111 0
43121 1
43131 0
43141 0
43151 0
43161 0
43171 0
43181 0
43191 1
43201 1
43211 1
43221 0
43231 1
43241 1
43251 1
43261 0
43271 1
43281 0
43291 0
43301 0
43311 0
43321 1
43331 1
43341 0
43351 1
43361 1
43371 0
43381 0
43391 1
43401 0
43411 1
43421 0
43431 0
43441 0
43451 0
43461 0
43471 0
43481 1
43491 0
43501 1
43511 0
43521 1
43531 0
43541 0
43551 1
43561 0
43571 0
43581 1
43591 1
43601 1
43611 1
43621 1
43631 1
43641 1
43651 1
43661 0
43671 0
43681 0
43691 1
43701 1
43711 1
43721 1
43731 0
43741 1
43751 0
43761 1
43771 0
43781 0
43791 1
43801 0
43811 0
43821 1
43831 1
43841 0
43851 1
43861 0
43871 1
43881 1
43891 0
43901 0
43911 1
43921 1
43931 0
43941 0
43951 1
43961 0
43971 0
43981 1
43991 1
44001 0
44011 0
44021 0
44031 0
44041 0
44051 1
44061 0
44071 0
44081 1
44091 0
44101 0
44111 0
44121 0
44131 1
44141 1
44151 0
44161 0
44171 1
44181 1
44191 1
44201 0
44211 0
44221 1
44231 1
44241 0
44251 1
44261 0
44271 0
44281 1
44291 1
44301 0
44311 1
44321 1
44331 1
44341 1
44351 1
44361 0
44371 0
44381 1
44391 0
44401 0
44411 0
44421 1
44431 0
44441 0
44451 1
44461 0
44471 1
44481 1
44491 0
44501 1
44511 1
44521 0
44531 1
44541 1
44551 0
44561 0
44571 1
44581 0
44591 0
44601 1
44611 0
44621 1
44631 1
44641 1
44651 1
44661 0
44671 0
44681 0
44691 1
44701 0
44711 1
44721 1
44731 0
44741 1
44751 1
44761 1
44771 0
44781 0
44791 0
44801 0
44811 1
44821 1
44831 1
44841 1
44851 0
44861 1
44871 0
44881 1
44891 0
44901 0
44911 1
44921 1
44931 0
44941 1
44951 1
44961 1
44971 0
44981 1
44991 0
45001 0
45011 0
45021 1
45031 1
45041 1
45051 0
45061 1
45071 1
45081 1
45091 0
45101 0
45111 1
45121 0
45131 1
45141 0
45151 1
45161 0
45171 0
45181 1
45191 1
45201 0
45211 0
45221 1
45231 1
45241 0
45251 1
45261 1
45271 0
45281 1
45291 0
45301 0
45311 0
45321 0
45331 0
45341 0
45351 0
45361 1
45371 0
45381 1
45391 1
45401 1
45411 1
45421 1
45431 1
45441 1
45451 1
45461 0
45471 0
45481 1
45491 0
45501 1
45511 1
45521 1
45531 0
45541 0
45551 1
45561 0
45571 0
45581 1
45591 0
45601 0
45611 1
45621 0
45631 1
45641 0
45651 1
45661 1
45671 0
45681 0
45691 0
45701 0
45711 1
45721 1
45731 1
45741 1
45751 1
45761 1
45771 1
45781 0
45791 0
45801 1
45811 1
45821 0
45831 0
45841 0
45851 0
45861 0
45871 1
45881 1
45891 0
45901 1
45911 1
45921 0
45931 0
45941 1
45951 1
45961 0
45971 0
45981 1
45991 1
46001 1
46011 0
46021 1
46031 1
46041 1
46051 0
46061 0
46071 0
46081 0
46091 0
46101 1
46111 0
46121 0
46131 1
46141 1
46151 1
46161 1
46171 1
46181 0
46191 0
46201 1
46211 0
46221 1
46231 1
46241 0
46251 1
46261 0
46271 0
46281 0
46291 0
46301 1
46311 0
46321 1
46331 0
46341 0
46351 0
46361 0
46371 0
46381 1
46391 1
46401 1
46411 0
46421 0
46431 1
46441 1
46451 0
46461 0
46471 1
46481 0
46491 0
46501 0
46511 0
46521 1
46531 1
46541 1
46551 1
46561 1
46571 1
46581 0
46591 0
46601 1
46611 0
46621 0
46631 1
46641 0
46651 1
46661 1
46671 0
46681 1
46691 0
46701 1
46711 0
46721 0
46731 0
46741 0
46751 0
46761 0
46771 0
46781 1
46791 0
46801 0
46811 0
46821 0
46831 1
46841 0
46851 1
46861 1
46871 0
46881 0
46891 0
46901 0
46911 0
46921 0
46931 1
46941 1
46951 0
46961 1
46971 0
46981 0
46991 0
47001 1
47011 1
47021 1
47031 0
47041 0
47051 1
47061 0
47071 1
47081 1
47091 1
47101 1
47111 1
47121 0
47131 0
47141 1
47151 0
47161 0
47171 1
47181 0
47191 0
47201 0
47211 1
47221 1
47231 0
47241 1
47251 1
47261 1
47271 0
47281 0
47291 1
47301 0
47311 0
47321 0
47331 0
47341 0
47351 1
47361 1
47371 0
47381 0
47391 0
47401 1
47411 1
47421 0
47431 0
47441 1
47451 1
47461 0
47471 0
47481 1
47491 0
47501 1
47511 1
47521 0
47531 0
47541 1
47551 1
47561 1
47571 0
47581 1
47591 0
47601 1
47611 1
47621 0
47631 1
47641 1
47651 0
47661 1
47671 0
47681 1
47691 0
47701 0
47711 1
47721 1
47731 0
47741 0
47751 1
47761 1
47771 1
47781 1
47791 1
47801 0
47811 1
47821 1
47831 1
47841 0
47851 0
47861 0
47871 1
47881 1
47891 1
47901 1
47911 0
47921 1
47931 1
47941 0
47951 1
47961 1
47971 1
47981 0
47991 1
48001 0
48011 0
48021 0
48031 1
48041 0
48051 1
48061 0
48071 0
48081 1
48091 0
48101 1
48111 1
48121 0
48131 0
48141 0
48151 0
48161 0
48171 1
48181 0
48191 0
48201 1
48211 1
48221 0
48231 1
48241 1
48251 0
48261 0
48271 1
48281 0
48291 1
48301 0
48311 1
48321 0
48331 1
48341 1
48351 1
48361 1
48371 1
48381 0
48391 0
48401 1
48411 1
48421 0
48431 1
48441 0
48451 1
48461 1
48471 0
48481 0
48491 0
48501 0
48511 0
48521 0
48531 0
48541 0
48551 0
48561 0
48571 1
48581 1
48591 1
48601 1
48611 0
48621 1
48631 0
48641 1
48651 1
48661 0
48671 1
48681 0
48691 1
48701 1
48711 0
48721 0
48731 0
48741 0
48751 0
48761 0
48771 1
48781 1
48791 1
48801 0
48811 1
48821 1
48831 0
48841 1
48851 0
48861 1
48871 0
48881 0
48891 0
48901 0
48911 0
48921 0
48931 0
48941 1
48951 1
48961 1
48971 1
48981 1
48991 1
49001 0
49011 1
49021 1
49031 1
49041 1
49051 1
49061 1
49071 1
49081 0
49091 0
49101 1
49111 1
49121 1
49131 1
49141 0
49151 0
49161 1
49171 1
49181 1
49191 1
49201 1
49211 0
49221 0
49231 0
49241 1
49251 0
49261 0
49271 0
49281 0
49291 0
49301 0
49311 1
49321 1
49331 1
49341 0
49351 1
49361 0
49371 0
49381 1
49391 0
49401 1
49411 1
49421 1
49431 1
49441 0
49451 0
49461 1
49471 0
49481 1
49491 1
49501 0
49511 0
49521 0
49531 0
49541 0
49551 0
49561 0
49571 0
49581 1
49591 1
49601 0
49611 1
49621 1
49631 1
49641 0
49651 1
49661 0
49671 0
49681 1
49691 0
49701 1
49711 0
49721 0
49731 1
49741 1
49751 0
49761 1
49771 1
49781 0
49791 1
49801 1
49811 1
49821 0
49831 1
49841 0
49851 0
49861 1
49871 0
49881 1
49891 1
49901 0
49911 0
49921 0
49931 1
49941 1
49951 1
49961 1
49971 0
49981 1
49991 0
50001 0
50011 0
50021 0
50031 0
50041 1
50051 0
50061 0
50071 1
50081 0
50091 0
50101 1
50111 1
50121 0
50131 0
50141 1
50151 1
50161 0
50171 1
50181 0
50191 0
50201 1
50211 1
50221 1
50231 1
50241 1
50251 1
50261 0
50271 1
50281 1
50291 1
50301 1
50311 0
50321 0
50331 0
50341 1
50351 0
50361 0
50371 0
50381 1
50391 0
50401 0
50411 0
50421 1
50431 0
50441 1
50451 1
50461 1
50471 1
50481 1
50491 0
50501 0
50511 0
50521 1
50531 1
50541 0
50551 0
50561 1
50571 1
50581 0
50591 1
50601 1
50611 1
50621 1
50631 1
50641 0
50651 0
50661 1
50671 1
50681 0
50691 1
50701 0
50711 1
50721 0
50731 1
50741 1
50751 0
50761 0
50771 0
50781 0
50791 1
50801 1
50811 1
50821 1
50831 0
50841 1
50851 1
50861 0
50871 1
50881 1
50891 1
50901 0
50911 1
50921 1
50931 0
50941 1
50951 0
50961 1
50971 1
50981 1
50991 1
51001 0
51011 1
51021 1
51031 1
51041 1
51051 0
51061 0
51071 0
51081 1
51091 0
51101 0
51111 1
51121 1
51131 1
51141 0
51151 0
51161 1
51171 0
51181 0
51191 1
51201 1
51211 1
51221 0
51231 1
51241 1
51251 0
51261 0
51271 1
51281 0
51291 1
51301 1
51311 0
51321 1
51331 0
51341 1
51351 1
51361 0
51371 0
51381 0
51391 1
51401 0
51411 1
51421 1
51431 1
51441 1
51451 0
51461 0
51471 1
51481 0
51491 1
51501 0
51511 0
51521 1
51531 0
51541 0
51551 1
51561 1
51571 1
51581 0
51591 0
51601 0
51611 1
51621 0
51631 1
51641 1
51651 1
51661 0
51671 1
51681 1
51691 0
51701 0
51711 0
51721 1
51731 1
51741 1
51751 1
51761 0
51771 0
51781 0
51791 1
51801 0
51811 0
51821 1
51831 1
51841 1
51851 1
51861 0
51871 1
51881 1
51891 0
51901 0
51911 1
51921 1
51931 0
51941 0
51951 0
51961 0
51971 0
51981 1
51991 0
52001 1
52011 1
52021 0
52031 1
52041 0
52051 0
52061 1
52071 0
52081 1
52091 1
52101 1
52111 1
52121 1
52131 1
52141 0
52151 1
52161 0
52171 0
52181 1
52191 1
52201 1
52211 1
52221 1
52231 0
52241 1
52251 1
52261 1
52271 1
52281 1
52291 0
52301 1
52311 1
52321 1
52331 0
52341 0
52351 0
52361 0
52371 0
52381 0
52391 0
52401 1
52411 1
52421 1
52431 1
52441 0
52451 1
52461 1
52471 1
52481 1
52491 1
52501 0
52511 0
52521 0
52531 1
52541 1
52551 1
52561 1
52571 1
52581 0
52591 0
52601 1
52611 0
52621 1
52631 0
52641 1
52651 0
52661 1
52671 0
52681 1
52691 1
52701 0
52711 0
52721 0
52731 0
52741 1
52751 0
52761 1
52771 0
52781 1
52791 1
52801 0
52811 1
52821 0
52831 0
52841 0
52851 1
52861 1
52871 0
52881 1
52891 0
52901 1
52911 1
52921 0
52931 1
52941 1
52951 0
52961 1
52971 1
52981 0
52991 1
53001 0
53011 0
53021 0
53031 1
53041 0
53051 1
53061 1
53071 0
53081 1
53091 1
53101 1
53111 0
53121 0
53131 0
53141 1
53151 1
53161 1
53171 1
53181 0
53191 0
53201 1
53211 1
53221 1
53231 1
53241 1
53251 0
53261 0
53271 0
53281 1
53291 1
53301 1
53311 0
53321 1
53331 0
53341 1
53351 0
53361 1
53371 0
53381 0
53391 0
53401 1
53411 0
53421 0
53431 1
53441 1
53451 1
53461 1
53471 0
53481 1
53491 0
53501 0
53511 1
53521 0
53531 0
53541 0
53551 1
53561 0
53571 1
53581 1
53591 1
53601 1
53611 1
53621 1
53631 1
53641 0
53651 1
53661 0
53671 0
53681 0
53691 0
53701 0
53711 1
53721 1
53731 1
53741 1
53751 0
53761 0
53771 0
53781 1
53791 1
53801 0
53811 0
53821 1
53831 1
53841 0
53851 1
53861 0
53871 0
53881 0
53891 0
53901 1
53911 1
53921 1
53931 0
53941 0
53951 1
53961 1
53971 1
53981 1
53991 1
54001 1
54011 0
54021 1
54031 1
54041 0
54051 0
54061 0
54071 1
54081 1
54091 0
54101 1
54111 1
54121 1
54131 0
54141 1
54151 1
54161 1
54171 0
54181 0
54191 1
54201 0
54211 1
54221 0
54231 1
54241 1
54251 0
54261 0
54271 0
54281 0
54291 1
54301 0
54311 0
54321 0
54331 1
54341 0
54351 1
54361 1
54371 0
54381 1
54391 1
54401 0
54411 1
54421 1
54431 1
54441 1
54451 1
54461 1
54471 1
54481 1
54491 0
54501 0
54511 0
54521 0
54531 0
54541 1
54551 0
54561 1
54571 1
54581 0
54591 1
54601 1
54611 1
54621 0
54631 1
54641 1
54651 0
54661 1
54671 0
54681 1
54691 0
54701 0
54711 1
54721 1
54731 0
54741 1
54751 0
54761 1
54771 0
54781 0
54791 0
54801 0
54811 0
54821 1
54831 0
54841 10
54851 0
54861 0
54871 0
54881 1
54891 0
54901 1
54911 1
54921 1
54931 0
54941 0
54951 0
54961 1
54971 1
54981 0
54991 1
55001 0
55011 1
55021 1
55031 1
55041 0
55051 1
55061 0
55071 0
55081 1
55091 0
55101 0
55111 0
55121 0
55131 1
55141 1
55151 1
55161 1
55171 0
55181 0
55191 1
55201 0
55211 0
55221 0
55231 0
55241 0
55251 1
55261 1
55271 1
55281 0
55291 1
55301 1
55311 9
55321 0
55331 0
55341 1
55351 0
55361 0
55371 1
55381 1
55391 1
55401 1
55411 0
55421 1
55431 10
55441 1
55451 0
55461 0
55471 0
55481 0
55491 1
55501 1
55511 0
55521 1
55531 1
55541 1
55551 1
55561 1
55571 1
55581 0
55591 1
55601 1
55611 0
55621 1
55631 0
55641 1
55651 1
55661 1
55671 1
55681 0
55691 0
55701 0
55711 1
55721 0
55731 0
55741 1
55751 0
55761 1
55771 0
55781 0
55791 0
55801 0
55811 1
55821 1
55831 1
55841 0
55851 0
55861 1
55871 1
55881 1
55891 0
55901 0
55911 1
55921 0
55931 0
55941 0
55951 0
55961 1
55971 1
55981 0
55991 0
56001 0
56011 1
56021 0
56031 1
56041 0
56051 1
56061 1
56071 1
56081 1
56091 0
56101 0
56111 0
56121 0
56131 1
56141 1
56151 1
56161 0
56171 1
56181 1
56191 0
56201 0
56211 0
56221 1
56231 0
56241 1
56251 1
56261 0
56271 0
56281 1
56291 1
56301 1
56311 1
56321 0
56331 1
56341 1
56351 0
56361 0
56371 0
56381 1
56391 1
56401 0
56411 0
56421 0
56431 1
56441 1
56451 0
56461 0
56471 1
56481 1
56491 0
56501 1
56511 1
56521 0
56531 0
56541 1
56551 0
56561 1
56571 0
56581 0
56591 0
56601 1
56611 0
56621 1
56631 0
56641 0
56651 1
56661 1
56671 1
56681 1
56691 1
56701 1
56711 1
56721 0
56731 1
56741 0
56751 1
56761 1
56771 0
56781 0
56791 0
56801 1
56811 0
56821 1
56831 1
56841 0
56851 0
56861 0
56871 1
56881 1
56891 1
56901 1
56911 0
56921 1
56931 0
56941 1
56951 0
56961 0
56971 1
56981 0
56991 1
57001 0
57011 0
57021 0
57031 1
57041 1
57051 0
57061 1
57071 1
57081 0
57091 0
57101 0
57111 1
57121 1
57131 0
57141 0
57151 1
57161 1
57171 1
57181 0
57191 0
57201 0
57211 1
57221 0
57231 1
57241 0
57251 1
57261 0
57271 0
57281 1
57291 0
57301 1
57311 0
57321 1
57331 1
57341 1
57351 0
57361 1
57371 1
57381 0
57391 0
57401 0
57411 0
57421 0
57431 1
57441 1
57451 0
57461 1
57471 1
57481 1
57491 1
57501 0
57511 1
57521 1
57531 0
57541 0
57551 0
57561 1
57571 1
57581 1
57591 1
57601 0
57611 0
57621 0
57631 1
57641 1
57651 1
57661 1
57671 1
57681 1
57691 0
57701 0
57711 1
57721 1
57731 1
57741 1
57751 1
57761 0
57771 0
57781 0
57791 1
57801 1
57811 0
57821 1
57831 0
57841 0
57851 1
57861 1
57871 1
57881 0
57891 1
57901 0
57911 0
57921 0
57931 0
57941 1
57951 0
57961 0
57971 1
57981 1
57991 0
58001 1
58011 0
58021 1
58031 1
58041 1
58051 1
58061 1
58071 1
58081 1
58091 1
58101 1
58111 0
58121 1
58131 1
58141 1
58151 1
58161 1
58171 1
58181 0
58191 1
58201 0
58211 0
58221 1
58231 1
58241 1
58251 1
58261 0
58271 1
58281 0
58291 1
58301 0
58311 1
58321 1
58331 1
58341 0
58351 0
58361 1
58371 0
58381 1
58391 1
58401 1
58411 1
58421 0
58431 0
58441 1
58451 0
58461 1
58471 0
58481 1
58491 0
58501 1
58511 1
58521 1
58531 1
58541 1
58551 0
58561 1
58571 1
58581 1
58591 1
58601 1
58611 0
58621 1
58631 1
58641 1
58651 0
58661 0
58671 0
58681 1
58691 1
58701 1
58711 1
58721 1
58731 0
58741 0
58751 0
58761 0
58771 1
58781 0
58791 1
58801 0
58811 1
58821 1
58831 1
58841 1
58851 1
58861 0
58871 0
58881 0
58891 1
58901 0
58911 1
58921 1
58931 1
58941 0
58951 0
58961 1
58971 0
58981 0
58991 0
59001 1
59011 1
59021 0
59031 0
59041 0
59051 0
59061 1
59071 1
59081 1
59091 0
59101 1
59111 1
59121 1
59131 1
59141 1
59151 0
59161 1
59171 1
59181 1
59191 0
59201 0
59211 1
59221 0
59231 1
59241 1
59251 0
59261 1
59271 0
59281 1
59291 1
59301 1
59311 1
59321 0
59331 0
59341 0
59351 0
59361 0
59371 0
59381 0
59391 0
59401 1
59411 1
59421 1
59431 0
59441 0
59451 1
59461 1
59471 0
59481 0
59491 1
59501 1
59511 1
59521 0
59531 0
59541 0
59551 1
59561 0
59571 1
59581 1
59591 0
59601 0
59611 0
59621 0
59631 1
59641 1
59651 1
59661 1
59671 0
59681 1
59691 0
59701 1
59711 1
59721 0
59731 1
59741 1
59751 0
59761 1
59771 1
59781 1
59791 1
59801 1
59811 1
59821 0
59831 1
59841 0
59851 0
59861 1
59871 1
59881 1
59891 0
59901 1
59911 0
59921 1
59931 1
59941 0
59951 0
59961 1
59971 0
59981 1
59991 0
60001 0
60011 1
60021 0
60031 1
60041 1
60051 1
60061 0
60071 0
60081 1
60091 1
60101 0
60111 0
60121 1
60131 1
60141 1
60151 0
60161 0
60171 1
60181 1
60191 0
60201 1
60211 1
60221 0
60231 0
60241 0
60251 0
60261 1
60271 1
60281 1
60291 0
60301 1
60311 1
60321 1
60331 1
60341 1
60351 0
60361 1
60371 1
60381 0
60391 0
60401 0
60411 1
60421 1
60431 0
60441 0
60451 1
60461 1
60471 1
60481 1
60491 0
60501 0
60511 0
60521 1
60531 1
60541 0
60551 0
60561 1
60571 0
60581 1
60591 0
60601 1
60611 0
60621 1
60631 1
60641 1
60651 0
60661 1
60671 1
60681 0
60691 0
60701 0
60711 1
60721 0
60731 1
60741 0
60751 0
60761 0
60771 0
60781 0
60791 1
60801 1
60811 1
60821 0
60831 0
60841 0
60851 1
60861 0
60871 0
60881 1
60891 0
60901 0
60911 0
60921 1
60931 0
60941 0
60951 0
60961 1
60971 1
60981 1
60991 1
61001 0
61011 1
61021 1
61031 0
61041 1
61051 1
61061 1
61071 1
61081 0
61091 1
61101 1
61111 0
61121 1
61131 1
61141 1
61151 1
61161 0
61171 1
61181 0
61191 0
61201 9
61211 1
61221 0
61231 1
61241 0
61251 1
61261 1
61271 0
61281 0
61291 1
61301 0
61311 0
61321 0
61331 0
61341 1
61351 1
61361 1
61371 0
61381 0
61391 1
61401 1
61411 1
61421 1
61431 0
61441 0
61451 0
61461 1
61471 1
61481 1
61491 1
61501 0
61511 0
61521 1
61531 1
61541 0
61551 1
61561 1
61571 1
61581 1
61591 0
61601 0
61611 0
61621 1
61631 1
61641 1
61651 1
61661 1
61671 0
61681 1
61691 1
61701 1
61711 1
61721 1
61731 0
61741 0
61751 1
61761 1
61771 1
61781 1
61791 0
61801 0
61811 0
61821 0
61831 1
61841 1
61851 0
61861 0
61871 1
61881 1
61891 1
61901 1
61911 0
61921 0
61931 0
61941 1
61951 0
61961 0
61971 0
61981 0
61991 1
62001 0
62011 1
62021 1
62031 1
62041 1
62051 0
62061 0
62071 0
62081 1
62091 1
62101 1
62111 1
62121 1
62131 0
62141 1
62151 0
62161 1
62171 1
62181 0
62191 0
62201 0
62211 0
62221 0
62231 1
62241 1
62251 0
62261 1
62271 0
62281 1
62291 0
62301 0
62311 1
62321 1
62331 1
62341 1
62351 0
62361 1
62371 1
62381 0
62391 1
62401 1
62411 1
62421 1
62431 0
62441 1
62451 1
62461 1
62471 0
62481 0
62491 1
62501 0
62511 0
62521 1
62531 0
62541 0
62551 0
62561 1
62571 1
62581 1
62591 1
62601 1
62611 1
62621 1
62631 0
62641 1
62651 0
62661 1
62671 0
62681 1
62691 0
62701 0
62711 0
62721 1
62731 1
62741 1
62751 0
62761 0
62771 0
62781 1
62791 1
62801 0
62811 1
62821 0
62831 1
62841 1
62851 1
62861 1
62871 0
62881 0
62891 1
62901 0
62911 1
62921 0
62931 0
62941 0
62951 1
62961 1
62971 0
62981 1
62991 1
63001 0
63011 1
63021 0
63031 1
63041 0
63051 1
63061 1
63071 1
63081 1
63091 1
63101 0
63111 1
63121 1
63131 1
63141 1
63151 0
63161 1
63171 1
63181 0
63191 1
63201 1
63211 0
63221 1
63231 1
63241 1
63251 0
63261 0
63271 1
63281 1
63291 0
63301 1
63311 1
63321 1
63331 0
63341 1
63351 0
63361 0
63371 0
63381 0
63391 0
63401 1
63411 1
63421 0
63431 1
63441 1
63451 0
63461 1
63471 0
63481 0
63491 0
63501 0
63511 1
63521 1
63531 0
63541 1
63551 0
63561 0
63571 1
63581 1
63591 0
63601 1
63611 0
63621 1
63631 1
63641 0
63651 1
63661 1
63671 0
63681 1
63691 1
63701 1
63711 0
63721 0
63731 0
63741 0
63751 0
63761 0
63771 1
63781 1
63791 1
63801 0
63811 0
63821 0
63831 1
63841 1
63851 0
63861 0
63871 0
63881 0
63891 0
63901 1
63911 0
63921 1
63931 0
63941 0
63951 0
63961 1
63971 0
63981 1
63991 0
64001 0
64011 1
64021 1
64031 1
64041 1
64051 0
64061 0
64071 0
64081 0
64091 1
64101 1
64111 1
64121 0
64131 0
64141 1
64151 1
64161 1
64171 1
64181 1
64191 1
64201 0
64211 1
64221 1
64231 1
64241 0
64251 1
64261 1
64271 1
64281 0
64291 1
64301 1
64311 0
64321 1
64331 1
64341 1
64351 0
64361 0
64371 1
64381 1
64391 1
64401 0
64411 1
64421 0
64431 0
64441 0
64451 1
64461 1
64471 0
64481 1
64491 1
64501 1
64511 1
64521 1
64531 0
64541 1
64551 1
64561 0
64571 1
64581 1
64591 0
64601 1
64611 1
64621 1
64631 0
64641 0
64651 0
64661 0
64671 1
64681 1
64691 0
64701 1
64711 0
64721 0
64731 0
64741 0
64751 0
64761 0
64771 1
64781 0
64791 0
64801 1
64811 0
64821 0
64831 1
64841 1
64851 1
64861 1
64871 0
64881 0
64891 1
64901 1
64911 1
64921 0
64931 0
64941 0
64951 0
64961 1
64971 1
64981 0
64991 1
65001 1
65011 1
65021 1
65031 1
65041 1
65051 1
65061 0
65071 1
65081 1
65091 1
65101 1
65111 1
65121 0
65131 1
65141 0
65151 0
65161 1
65171 1
65181 0
65191 1
65201 0
65211 1
65221 1
65231 1
65241 1
65251 1
65261 0
65271 0
65281 0
65291 1
65301 0
65311 1
65321 0
65331 0
65341 0
65351 0
65361 1
65371 0
65381 0
65391 0
65401 1
65411 1
65421 0
65431 1
65441 0
65451 1
65461 0
65471 1
65481 1
65491 0
65501 1
65511 1
65521 0
65531 1
65541 1
65551 0
65561 0
65571 0
65581 1
65591 0
65601 1
65611 0
65621 1
65631 1
65641 1
65651 0
65661 1
65671 1
65681 1
65691 1
65701 0
65711 0
65721 1
65731 0
65741 1
65751 0
65761 0
65771 1
65781 1
65791 0
65801 1
65811 0
65821 0
65831 1
65841 1
65851 1
65861 0
65871 1
65881 0
65891 0
65901 1
65911 1
65921 0
65931 0
65941 1
65951 1
65961 0
65971 1
65981 1
65991 1
66001 0
66011 1
66021 1
66031 0
66041 1
66051 1
66061 1
66071 0
66081 1
66091 0
66101 0
66111 0
66121 0
66131 1
66141 0
66151 0
66161 0
66171 1
66181 1
66191 0
66201 1
66211 1
66221 1
66231 1
66241 1
66251 0
66261 0
66271 0
66281 0
66291 0
66301 0
66311 1
66321 1
66331 0
66341 0
66351 1
66361 0
66371 0
66381 1
66391 0
66401 1
66411 0
66421 0
66431 0
66441 1
66451 1
66461 0
66471 1
66481 1
66491 1
66501 0
66511 0
66521 1
66531 0
66541 0
66551 0
66561 1
66571 1
66581 1
66591 0
66601 0
66611 1
66621 0
66631 1
66641 0
66651 1
66661 1
66671 0
66681 0
66691 0
66701 1
66711 1
66721 0
66731 0
66741 1
66751 1
66761 1
66771 1
66781 1
66791 0
66801 1
66811 0
66821 1
66831 1
66841 1
66851 1
66861 1
66871 0
66881 0
66891 1
66901 1
66911 1
66921 0
66931 1
66941 1
66951 0
66961 1
66971 10
66981 0
66991 1
67001 0
67011 1
67021 1
67031 1
67041 1
67051 1
67061 0
67071 1
67081 0
67091 1
67101 0
67111 0
67121 1
67131 0
67141 1
67151 0
67161 1
67171 1
67181 1
67191 0
67201 1
67211 0
67221 1
67231 0
67241 1
67251 0
67261 1
67271 1
67281 0
67291 0
67301 0
67311 0
67321 1
67331 0
67341 0
67351 1
67361 0
67371 1
67381 1
67391 1
67401 0
67411 1
67421 1
67431 1
67441 1
67451 0
67461 0
67471 0
67481 1
67491 0
67501 1
67511 1
67521 0
67531 1
67541 1
67551 0
67561 0
67571 0
67581 0
67591 0
67601 0
67611 0
67621 1
67631 0
67641 0
67651 1
67661 1
67671 0
67681 0
67691 1
67701 0
67711 1
67721 1
67731 1
67741 1
67751 0
67761 1
67771 1
67781 1
67791 1
67801 1
67811 0
67821 1
67831 1
67841 1
67851 0
67861 1
67871 1
67881 0
67891 1
67901 0
67911 0
67921 0
67931 0
67941 1
67951 1
67961 1
67971 1
67981 0
67991 1
68001 1
68011 0
68021 0
68031 1
68041 0
68051 0
68061 1
68071 1
68081 1
68091 1
68101 0
68111 1
68121 0
68131 1
68141 1
68151 1
68161 0
68171 1
68181 1
68191 0
68201 1
68211 1
68221 1
68231 1
68241 1
68251 0
68261 1
68271 1
68281 1
68291 1
68301 0
68311 1
68321 1
68331 0
68341 1
68351 1
68361 0
68371 0
68381 0
68391 0
68401 1
68411 1
68421 0
68431 1
68441 0
68451 1
68461 0
68471 1
68481 1
68491 1
68501 1
68511 0
68521 1
68531 1
68541 0
68551 0
68561 1
68571 1
68581 1
68591 1
68601 1
68611 0
68621 1
68631 0
68641 1
68651 1
68661 0
68671 0
68681 1
68691 1
68701 0
68711 0
68721 0
68731 1
68741 1
68751 0
68761 1
68771 0
68781 1
68791 1
68801 0
68811 1
68821 1
68831 1
68841 1
68851 1
68861 0
68871 1
68881 1
68891 0
68901 0
68911 1
68921 0
68931 1
68941 1
68951 0
68961 0
68971 0
68981 0
68991 0
69001 1
69011 0
69021 1
69031 0
69041 0
69051 0
69061 1
69071 0
69081 1
69091 1
69101 1
69111 1
69121 0
69131 0
69141 0
69151 1
69161 1
69171 1
69181 0
69191 0
69201 0
69211 1
69221 1
69231 0
69241 0
69251 0
69261 0
69271 0
69281 1
69291 0
69301 1
69311 1
69321 1
69331 0
69341 1
69351 1
69361 0
69371 1
69381 1
69391 0
69401 1
69411 1
69421 0
69431 1
69441 0
69451 0
69461 0
69471 1
69481 0
69491 0
69501 0
69511 1
69521 0
69531 1
69541 0
69551 1
69561 1
69571 1
69581 0
69591 1
69601 1
69611 0
69621 1
69631 1
69641 1
69651 1
69661 1
69671 1
69681 0
69691 0
69701 0
69711 0
69721 0
69731 1
69741 1
69751 0
69761 1
69771 1
69781 1
69791 1
69801 1
69811 0
69821 1
69831 1
69841 1
69851 0
69861 0
69871 0
69881 0
69891 1
69901 1
69911 1
69921 0
69931 1
69941 1
69951 1
69961 0
69971 0
69981 1
69991 1
70001 1
70011 0
70021 1
70031 0
70041 1
70051 1
70061 0
70071 0
70081 0
70091 0
70101 1
70111 0
70121 1
70131 0
70141 0
70151 0
70161 1
70171 1
70181 0
70191 0
70201 0
70211 0
70221 1
70231 1
70241 1
70251 1
70261 1
70271 0
70281 1
70291 1
70301 1
70311 1
70321 0
70331 0
70341 1
70351 1
70361 0
70371 0
70381 0
70391 0
70401 0
70411 1
70421 1
70431 0
70441 1
70451 0
70461 0
70471 0
70481 1
70491 0
70501 0
70511 1
70521 0
70531 0
70541 1
70551 0
70561 0
70571 1
70581 0
70591 1
70601 1
70611 0
70621 0
70631 1
70641 1
70651 0
70661 0
70671 1
70681 1
70691 0
70701 1
70711 1
70721 0
70731 1
70741 1
70751 1
70761 0
70771 0
70781 1
70791 1
70801 0
70811 1
70821 1
70831 1
70841 1
70851 0
70861 0
70871 1
70881 0
70891 1
70901 1
70911 1
70921 1
70931 1
70941 1
70951 0
70961 1
70971 1
70981 1
70991 1
71001 1
71011 1
71021 1
71031 1
71041 1
71051 1
71061 1
71071 1
71081 1
71091 0
71101 1
71111 1
71121 0
71131 1
71141 0
71151 0
71161 1
71171 0
71181 1
71191 0
71201 0
71211 1
71221 0
71231 0
71241 1
71251 1
71261 0
71271 1
71281 1
71291 1
71301 0
71311 0
71321 1
71331 0
71341 1
71351 0
71361 0
71371 1
71381 0
71391 0
71401 1
71411 1
71421 1
71431 1
71441 0
71451 1
71461 1
71471 0
71481 1
71491 0
71501 1
71511 0
71521 0
71531 0
71541 0
71551 1
71561 0
71571 0
71581 0
71591 0
71601 1
71611 1
71621 1
71631 1
71641 0
71651 1
71661 0
71671 1
71681 1
71691 1
71701 1
71711 0
71721 0
71731 1
71741 0
71751 1
71761 1
71771 0
71781 0
71791 0
71801 0
71811 0
71821 1
71831 0
71841 0
71851 1
71861 0
71871 0
71881 0
71891 1
71901 1
71911 0
71921 1
71931 1
71941 0
71951 1
71961 1
71971 0
71981 1
71991 1
72001 1
72011 0
72021 0
72031 0
72041 1
72051 0
72061 0
72071 1
72081 1
72091 1
72101 1
72111 0
72121 0
72131 1
72141 1
72151 0
72161 0
72171 1
72181 0
72191 1
72201 1
72211 0
72221 1
72231 1
72241 1
72251 1
72261 1
72271 0
72281 1
72291 0
72301 0
72311 1
72321 0
72331 0
72341 1
72351 0
72361 1
72371 0
72381 0
72391 0
72401 0
72411 0
72421 0
72431 1
72441 1
72451 0
72461 1
72471 0
72481 1
72491 1
72501 1
72511 1
72521 1
72531 0
72541 1
72551 1
72561 1
72571 0
72581 1
72591 1
72601 0
72611 0
72621 0
72631 0
72641 0
72651 1
72661 1
72671 1
72681 1
72691 1
72701 1
72711 1
72721 1
72731 0
72741 0
72751 1
72761 1
72771 1
72781 0
72791 0
72801 0
72811 0
72821 0
72831 1
72841 1
72851 1
72861 1
72871 1
72881 1
72891 0
72901 1
72911 1
72921 1
72931 1
72941 0
72951 0
72961 1
72971 1
72981 1
72991 1
73001 1
73011 0
73021 0
73031 0
73041 0
73051 1
73061 0
73071 0
73081 1
73091 1
73101 1
73111 1
73121 0
73131 0
73141 1
73151 1
73161 1
73171 0
73181 1
73191 1
73201 1
73211 1
73221 1
73231 1
73241 0
73251 1
73261 1
73271 0
73281 1
73291 1
73301 1
73311 0
73321 0
73331 0
73341 1
73351 1
73361 1
73371 1
73381 0
73391 0
73401 0
73411 0
73421 1
73431 0
73441 0
73451 1
73461 0
73471 1
73481 1
73491 1
73501 1
73511 0
73521 1
73531 1
73541 1
73551 1
73561 1
73571 0
73581 0
73591 1
73601 1
73611 0
73621 1
73631 1
73641 1
73651 0
73661 1
73671 1
73681 0
73691 0
73701 1
73711 1
73721 1
73731 0
73741 0
73751 0
73761 1
73771 1
73781 0
73791 1
73801 1
73811 1
73821 1
73831 0
73841 0
73851 1
73861 1
73871 1
73881 0
73891 1
73901 1
73911 0
73921 1
73931 1
73941 0
73951 1
73961 0
73971 0
73981 1
73991 0
74001 0
74011 1
74021 0
74031 1
74041 1
74051 1
74061 1
74071 1
74081 1
74091 1
74101 0
74111 0
74121 0
74131 0
74141 1
74151 1
74161 1
74171 1
74181 0
74191 1
74201 0
74211 1
74221 0
74231 1
74241 0
74251 1
74261 1
74271 0
74281 0
74291 1
74301 0
74311 1
74321 1
74331 0
74341 0
74351 1
74361 1
74371 1
74381 1
74391 1
74401 0
74411 1
74421 0
74431 0
74441 1
74451 0
74461 1
74471 1
74481 1
74491 1
74501 1
74511 0
74521 0
74531 1
74541 1
74551 0
74561 1
74571 1
74581 1
74591 1
74601 0
74611 1
74621 1
74631 1
74641 1
74651 0
74661 1
74671 1
74681 1
74691 1
74701 0
74711 1
74721 1
74731 0
74741 0
74751 0
74761 0
74771 0
74781 0
74791 0
74801 0
74811 1
74821 0
74831 1
74841 0
74851 1
74861 1
74871 1
74881 1
74891 1
74901 0
74911 0
74921 0
74931 0
74941 1
74951 1
74961 0
74971 1
74981 0
74991 1
75001 0
75011 1
75021 0
75031 1
75041 1
75051 1
75061 0
75071 1
75081 0
75091 0
75101 1
75111 0
75121 0
75131 0
75141 1
75151 1
75161 1
75171 1
75181 1
75191 0
75201 1
75211 0
75221 0
75231 1
75241 1
75251 0
75261 0
75271 1
75281 1
75291 0
75301 1
75311 1
75321 0
75331 0
75341 1
75351 0
75361 1
75371 1
75381 0
75391 1
75401 0
75411 0
75421 1
75431 1
75441 1
75451 1
75461 0
75471 0
75481 1
75491 0
75501 1
75511 1
75521 0
75531 0
75541 0
75551 0
75561 1
75571 0
75581 0
75591 1
75601 0
75611 1
75621 1
75631 1
75641 1
75651 1
75661 0
75671 1
75681 0
75691 1
75701 1
75711 1
75721 0
75731 1
75741 1
75751 1
75761 0
75771 1
75781 1
75791 0
75801 0
75811 1
75821 1
75831 0
75841 1
75851 0
75861 1
75871 1
75881 1
75891 1
75901 1
75911 0
75921 0
75931 1
75941 0
75951 0
75961 1
75971 1
75981 0
75991 0
76001 0
76011 1
76021 1
76031 1
76041 0
76051 1
76061 0
76071 1
76081 0
76091 1
76101 0
76111 1
76121 1
76131 1
76141 0
76151 0
76161 1
76171 0
76181 1
76191 1
76201 0
76211 1
76221 1
76231 1
76241 1
76251 1
76261 1
76271 1
76281 0
76291 0
76301 1
76311 0
76321 0
76331 0
76341 1
76351 1
76361 0
76371 1
76381 1
76391 0
76401 1
76411 1
76421 0
76431 1
76441 0
76451 1
76461 1
76471 0
76481 1
76491 0
76501 1
76511 0
76521 0
76531 0
76541 1
76551 1
76561 0
76571 0
76581 0
76591 1
76601 1
76611 0
76621 0
76631 1
76641 1
76651 1
76661 0
76671 0
76681 1
76691 1
76701 0
76711 1
76721 0
76731 0
76741 0
76751 0
76761 0
76771 1
76781 0
76791 1
76801 1
76811 0
76821 0
76831 1
76841 0
76851 1
76861 0
76871 0
76881 1
76891 0
76901 1
76911 0
76921 1
76931 0
76941 0
76951 1
76961 1
76971 1
76981 0
76991 1
77001 0
77011 1
77021 1
77031 0
77041 1
77051 1
77061 0
77071 1
77081 0
77091 0
77101 0
77111 0
77121 0
77131 0
77141 1
77151 1
77161 1
77171 0
77181 0
77191 1
77201 1
77211 0
77221 1
77231 1
77241 0
77251 1
77261 1
77271 1
77281 1
77291 0
77301 1
77311 1
77321 1
77331 1
77341 1
77351 1
77361 0
77371 1
77381 1
77391 1
77401 1
77411 1
77421 0
77431 1
77441 1
77451 1
77461 1
77471 0
77481 1
77491 0
77501 0
77511 0
77521 0
77531 1
77541 1
77551 1
77561 0
77571 1
77581 0
77591 1
77601 0
77611 0
77621 0
77631 0
77641 1
77651 0
77661 0
77671 0
77681 0
77691 0
77701 1
77711 0
77721 0
77731 0
77741 1
77751 1
77761 1
77771 0
77781 1
77791 1
77801 1
77811 0
77821 0
77831 0
77841 0
77851 0
77861 1
77871 1
77881 1
77891 1
77901 1
77911 1
77921 1
77931 1
77941 1
77951 0
77961 1
77971 1
77981 1
77991 1
78001 1
78011 1
78021 1
78031 0
78041 1
78051 1
78061 0
78071 0
78081 1
78091 1
78101 0
78111 1
78121 0
78131 0
78141 0
78151 1
78161 0
78171 1
78181 0
78191 0
78201 0
78211 1
78221 1
78231 0
78241 0
78251 0
78261 1
78271 0
78281 1
78291 0
78301 0
78311 0
78321 1
78331 0
78341 1
78351 1
78361 1
78371 0
78381 1
78391 0
78401 1
78411 0
78421 0
78431 1
78441 1
78451 1
78461 0
78471 1
78481 0
78491 1
78501 0
78511 1
78521 1
78531 0
78541 1
78551 0
78561 1
78571 0
78581 1
78591 0
78601 0
78611 1
78621 0
78631 1
78641 1
78651 0
78661 0
78671 1
78681 1
78691 1
78701 0
78711 0
78721 0
78731 1
78741 1
78751 1
78761 0
78771 0
78781 1
78791 1
78801 0
78811 0
78821 1
78831 1
78841 0
78851 0
78861 1
78871 1
78881 1
78891 0
78901 1
78911 0
78921 0
78931 1
78941 0
78951 0
78961 1
78971 0
78981 0
78991 1
79001 1
79011 1
79021 1
79031 1
79041 1
79051 0
79061 1
79071 1
79081 1
79091 0
79101 0
79111 0
79121 1
79131 0
79141 0
79151 1
79161 0
79171 1
79181 0
79191 1
79201 0
79211 0
79221 1
79231 1
79241 0
79251 1
79261 0
79271 1
79281 1
79291 0
79301 1
79311 0
79321 0
79331 1
79341 0
79351 1
79361 1
79371 0
79381 1
79391 1
79401 0
79411 0
79421 1
79431 0
79441 0
79451 1
79461 0
79471 0
79481 1
79491 1
79501 1
79511 1
79521 0
79531 1
79541 1
79551 1
79561 0
79571 0
79581 1
79591 1
79601 0
79611 1
79621 1
79631 1
79641 1
79651 1
79661 1
79671 0
79681 1
79691 1
79701 1
79711 0
79721 1
79731 0
79741 0
79751 0
79761 1
79771 0
79781 1
79791 1
79801 1
79811 1
79821 0
79831 1
79841 1
79851 1
79861 1
79871 0
79881 1
79891 0
79901 0
79911 0
79921 1
79931 1
79941 1
79951 1
79961 0
79971 1
79981 1
79991 1
80001 1
80011 1
80021 1
80031 1
80041 1
80051 1
80061 1
80071 0
80081 1
80091 1
80101 0
80111 1
80121 1
80131 0
80141 0
80151 1
80161 1
80171 0
80181 0
80191 0
80201 0
80211 0
80221 1
80231 1
80241 1
80251 0
80261 1
80271 1
80281 0
80291 0
80301 1
80311 0
80321 0
80331 0
80341 0
80351 1
80361 1
80371 1
80381 1
80391 1
80401 1
80411 1
80421 0
80431 0
80441 0
80451 1
80461 0
80471 1
80481 0
80491 1
80501 0
80511 1
80521 1
80531 1
80541 0
80551 1
80561 0
80571 1
80581 0
80591 1
80601 1
80611 1
80621 1
80631 0
80641 0
80651 1
80661 0
80671 1
80681 1
80691 0
80701 1
80711 0
80721 1
80731 0
80741 0
80751 1
80761 0
80771 0
80781 0
80791 1
80801 0
80811 0
80821 1
80831 1
80841 1
80851 1
80861 0
80871 0
80881 1
80891 1
80901 1
80911 0
80921 1
80931 1
80941 0
80951 1
80961 0
80971 1
80981 0
80991 1
81001 1
81011 0
81021 0
81031 1
81041 0
81051 0
81061 1
81071 0
81081 0
81091 1
81101 0
81111 0
81121 1
81131 1
81141 1
81151 1
81161 0
81171 0
81181 0
81191 0
81201 0
81211 1
81221 1
81231 0
81241 1
81251 0
81261 1
81271 0
81281 1
81291 1
81301 1
81311 1
81321 1
81331 0
81341 0
81351 0
81361 0
81371 0
81381 0
81391 1
81401 1
81411 0
81421 1
81431 1
81441 0
81451 0
81461 1
81471 1
81481 1
81491 1
81501 0
81511 0
81521 1
81531 1
81541 0
81551 0
81561 0
81571 1
81581 1
81591 0
81601 0
81611 1
81621 0
81631 1
81641 1
81651 0
81661 1
81671 0
81681 0
81691 1
81701 0
81711 1
81721 1
81731 0
81741 0
81751 1
81761 1
81771 1
81781 0
81791 1
81801 1
81811 0
81821 0
81831 1
81841 0
81851 1
81861 0
81871 0
81881 1
81891 1
81901 1
81911 0
81921 0
81931 1
81941 1
81951 0
81961 1
81971 1
81981 1
81991 1
82001 1
82011 1
82021 0
82031 0
82041 1
82051 0
82061 1
82071 1
82081 1
82091 0
82101 1
82111 1
82121 1
82131 1
82141 0
82151 0
82161 1
82171 1
82181 0
82191 1
82201 1
82211 1
82221 1
82231 1
82241 1
82251 1
82261 1
82271 1
82281 1
82291 1
82301 1
82311 1
82321 1
82331 0
82341 0
82351 1
82361 1
82371 1
82381 0
82391 1
82401 0
82411 0
82421 0
82431 1
82441 1
82451 1
82461 1
82471 0
82481 0
82491 1
82501 0
82511 1
82521 1
82531 0
82541 0
82551 0
82561 1
82571 0
82581 0
82591 1
82601 1
82611 1
82621 1
82631 1
82641 1
82651 1
82661 0
82671 1
82681 0
82691 0
82701 1
82711 1
82721 0
82731 0
82741 0
82751 1
82761 1
82771 1
82781 1
82791 1
82801 0
82811 1
82821 1
82831 1
82841 1
82851 1
82861 0
82871 0
82881 1
82891 1
82901 0
82911 0
82921 0
82931 0
82941 0
82951 0
82961 1
82971 0
82981 1
82991 0
83001 1
83011 1
83021 1
83031 1
83041 1
83051 0
83061 1
83071 1
83081 1
83091 1
83101 1
83111 1
83121 1
83131 1
83141 0
83151 0
83161 1
83171 0
83181 1
83191 0
83201 1
83211 0
83221 1
83231 1
83241 0
83251 1
83261 0
83271 1
83281 0
83291 0
83301 1
83311 0
83321 0
83331 1
83341 0
83351 0
83361 1
83371 1
83381 0
83391 1
83401 1
83411 1
83421 1
83431 1
83441 1
83451 1
83461 0
83471 1
83481 1
83491 1
83501 1
83511 1
83521 0
83531 0
83541 0
83551 1
83561 1
83571 1
83581 1
83591 1
83601 1
83611 1
83621 1
83631 0
83641 0
83651 1
83661 0
83671 0
83681 1
83691 0
83701 0
83711 1
83721 0
83731 1
83741 1
83751 1
83761 0
83771 0
83781 0
83791 0
83801 0
83811 1
83821 1
83831 1
83841 0
83851 1
83861 0
83871 1
83881 1
83891 0
83901 0
83911 1
83921 1
83931 0
83941 0
83951 1
83961 1
83971 1
83981 0
83991 1
84001 0
84011 0
84021 1
84031 1
84041 1
84051 0
84061 0
84071 0
84081 0
84091 1
84101 1
84111 1
84121 0
84131 1
84141 1
84151 0
84161 1
84171 0
84181 1
84191 0
84201 1
84211 0
84221 0
84231 1
84241 1
84251 1
84261 0
84271 0
84281 1
84291 1
84301 1
84311 1
84321 1
84331 0
84341 0
84351 1
84361 0
84371 1
84381 0
84391 0
84401 0
84411 1
84421 0
84431 1
84441 1
84451 1
84461 1
84471 1
84481 1
84491 0
84501 1
84511 1
84521 1
84531 1
84541 1
84551 0
84561 1
84571 0
84581 1
84591 1
84601 0
84611 1
84621 1
84631 1
84641 1
84651 1
84661 1
84671 1
84681 0
84691 1
84701 0
84711 0
84721 0
84731 1
84741 0
84751 1
84761 1
84771 0
84781 0
84791 1
84801 0
84811 0
84821 1
84831 1
84841 1
84851 0
84861 1
84871 1
84881 1
84891 1
84901 1
84911 1
84921 1
84931 1
84941 0
84951 0
84961 0
84971 0
84981 1
84991 1
85001 0
85011 1
85021 1
85031 1
85041 0
85051 0
85061 1
85071 1
85081 0
85091 0
85101 0
85111 0
85121 1
85131 0
85141 1
85151 0
85161 0
85171 0
85181 1
85191 0
85201 1
85211 1
85221 1
85231 1
85241 0
85251 0
85261 1
85271 0
85281 0
85291 1
85301 0
85311 0
85321 1
85331 0
85341 0
85351 1
85361 1
85371 0
85381 0
85391 0
85401 1
85411 0
85421 1
85431 0
85441 1
85451 0
85461 0
85471 0
85481 1
85491 1
85501 1
85511 0
85521 0
85531 0
85541 0
85551 0
85561 1
85571 1
85581 1
85591 1
85601 0
85611 1
85621 0
85631 0
85641 0
85651 1
85661 1
85671 1
85681 0
85691 0
85701 1
85711 0
85721 1
85731 1
85741 0
85751 1
85761 0
85771 0
85781 0
85791 1
85801 0
85811 1
85821 0
85831 0
85841 0
85851 1
85861 1
85871 0
85881 1
85891 1
85901 0
85911 1
85921 1
85931 0
85941 1
85951 1
85961 1
85971 1
85981 1
85991 1
86001 1
86011 1
86021 0
86031 1
86041 0
86051 1
86061 1
86071 1
86081 0
86091 1
86101 1
86111 0
86121 1
86131 0
86141 0
86151 1
86161 0
86171 0
86181 0
86191 0
86201 1
86211 0
86221 1
86231 1
86241 1
86251 0
86261 1
86271 1
86281 1
86291 1
86301 0
86311 1
86321 0
86331 1
86341 1
86351 1
86361 0
86371 0
86381 0
86391 0
86401 0
86411 1
86421 0
86431 1
86441 0
86451 1
86461 0
86471 0
86481 1
86491 1
86501 1
86511 0
86521 1
86531 0
86541 1
86551 1
86561 0
86571 1
86581 1
86591 1
86601 1
86611 0
86621 0
86631 1
86641 0
86651 1
86661 1
86671 1
86681 0
86691 0
86701 1
86711 1
86721 1
86731 0
86741 1
86751 0
86761 0
86771 0
86781 1
86791 0
86801 1
86811 1
86821 0
86831 1
86841 1
86851 0
86861 1
86871 1
86881 0
86891 1
86901 1
86911 1
86921 0
86931 1
86941 1
86951 0
86961 1
86971 0
86981 0
86991 0
87001 0
87011 1
87021 1
87031 0
87041 1
87051 1
87061 0
87071 0
87081 1
87091 1
87101 1
87111 0
87121 0
87131 1
87141 0
87151 1
87161 0
87171 0
87181 1
87191 1
87201 1
87211 0
87221 0
87231 1
87241 1
87251 0
87261 1
87271 0
87281 1
87291 1
87301 1
87311 0
87321 1
87331 0
87341 0
87351 1
87361 0
87371 1
87381 1
87391 1
87401 1
87411 1
87421 0
87431 1
87441 0
87451 1
87461 1
87471 1
87481 1
87491 0
87501 1
87511 1
87521 1
87531 0
87541 1
87551 1
87561 1
87571 0
87581 0
87591 0
87601 0
87611 1
87621 1
87631 1
87641 0
87651 1
87661 1
87671 0
87681 1
87691 1
87701 1
87711 1
87721 0
87731 1
87741 0
87751 1
87761 0
87771 1
87781 0
87791 0
87801 1
87811 0
87821 0
87831 1
87841 0
87851 0
87861 0
87871 1
87881 0
87891 1
87901 1
87911 0
87921 0
87931 1
87941 1
87951 1
87961 0
87971 1
87981 1
87991 0
88001 1
88011 0
88021 0
88031 0
88041 1
88051 1
88061 0
88071 0
88081 0
88091 1
88101 0
88111 1
88121 1
88131 1
88141 1
88151 1
88161 1
88171 0
88181 0
88191 0
88201 1
88211 0
88221 0
88231 1
88241 1
88251 0
88261 0
88271 0
88281 1
88291 0
88301 0
88311 0
88321 1
88331 0
88341 1
88351 0
88361 0
88371 0
88381 0
88391 1
88401 0
88411 0
88421 0
88431 1
88441 0
88451 1
88461 1
88471 0
88481 1
88491 0
88501 1
88511 0
88521 1
88531 0
88541 0
88551 1
88561 0
88571 1
88581 0
88591 0
88601 0
88611 1
88621 1
88631 1
88641 0
88651 1
88661 0
88671 1
88681 0
88691 0
88701 0
88711 0
88721 0
88731 1
88741 0
88751 1
88761 0
88771 1
88781 0
88791 1
88801 0
88811 1
88821 0
88831 1
88841 1
88851 0
88861 1
88871 0
88881 1
88891 1
88901 0
88911 0
88921 1
88931 1
88941 0
88951 1
88961 1
88971 1
88981 1
88991 1
89001 1
89011 0
89021 0
89031 1
89041 0
89051 1
89061 0
89071 0
89081 0
89091 1
89101 1
89111 1
89121 1
89131 0
89141 0
89151 1
89161 1
89171 1
89181 1
89191 1
89201 1
89211 0
89221 1
89231 1
89241 1
89251 1
89261 1
89271 1
89281 1
89291 0
89301 1
89311 1
89321 0
89331 1
89341 1
89351 0
89361 1
89371 1
89381 0
89391 0
89401 1
89411 1
89421 0
89431 0
89441 0
89451 1
89461 0
89471 0
89481 0
89491 0
89501 1
89511 1
89521 1
89531 0
89541 1
89551 0
89561 0
89571 1
89581 1
89591 0
89601 0
89611 0
89621 0
89631 0
89641 0
89651 1
89661 0
89671 0
89681 0
89691 0
89701 1
89711 0
89721 0
89731 1
89741 0
89751 1
89761 1
89771 1
89781 1
89791 0
89801 0
89811 0
89821 1
89831 0
89841 1
89851 1
89861 1
89871 0
89881 1
89891 1
89901 1
89911 0
89921 1
89931 0
89941 0
89951 0
89961 1
89971 1
89981 1
89991 1
90001 1
90011 0
90021 0
90031 0
90041 0
90051 1
90061 1
90071 0
90081 0
90091 0
90101 1
90111 0
90121 0
90131 1
90141 1
90151 1
90161 1
90171 0
90181 1
90191 0
90201 1
90211 0
90221 0
90231 0
90241 1
90251 1
90261 0
90271 0
90281 1
90291 0
90301 0
90311 0
90321 0
90331 1
90341 0
90351 0
90361 1
90371 1
90381 0
90391 0
90401 1
90411 0
90421 1
90431 0
90441 0
90451 0
90461 0
90471 1
90481 1
90491 1
90501 1
90511 1
90521 1
90531 0
90541 0
90551 0
90561 0
90571 0
90581 1
90591 0
90601 1
90611 1
90621 0
90631 0
90641 1
90651 1
90661 0
90671 0
90681 1
90691 1
90701 1
90711 0
90721 0
90731 1
90741 1
90751 1
90761 0
90771 1
90781 1
90791 0
90801 1
90811 0
90821 1
90831 1
90841 0
90851 1
90861 1
90871 1
90881 1
90891 0
90901 1
90911 0
90921 0
90931 1
90941 1
90951 0
90961 0
90971 0
90981 0
90991 1
91001 0
91011 1
91021 0
91031 1
91041 1
91051 1
91061 0
91071 1
91081 1
91091 1
91101 1
91111 1
91121 0
91131 1
91141 1
91151 1
91161 0
91171 1
91181 1
91191 0
91201 1
91211 1
91221 1
91231 1
91241 1
91251 1
91261 1
91271 0
91281 0
91291 0
91301 1
91311 0
91321 1
91331 0
91341 1
91351 1
91361 1
91371 0
91381 1
91391 0
91401 1
91411 1
91421 1
91431 1
91441 0
91451 0
91461 0
91471 1
91481 1
91491 1
91501 0
91511 0
91521 1
91531 0
91541 1
91551 1
91561 0
91571 0
91581 0
91591 0
91601 1
91611 1
91621 0
91631 0
91641 1
91651 0
91661 1
91671 0
91681 0
91691 0
91701 1
91711 0
91721 0
91731 0
91741 0
91751 0
91761 1
91771 1
91781 0
91791 1
91801 0
91811 0
91821 1
91831 0
91841 0
91851 1
91861 1
91871 0
91881 1
91891 0
91901 1
91911 0
91921 0
91931 0
91941 0
91951 0
91961 0
91971 1
91981 1
91991 1
92001 0
92011 0
92021 1
92031 1
92041 1
92051 0
92061 0
92071 1
92081 1
92091 0
92101 1
92111 1
92121 1
92131 1
92141 1
92151 0
92161 0
92171 0
92181 0
92191 1
92201 0
92211 0
92221 1
92231 1
92241 1
92251 1
92261 0
92271 0
92281 0
92291 1
92301 1
92311 1
92321 1
92331 1
92341 1
92351 0
92361 0
92371 1
92381 1
92391 0
92401 1
92411 0
92421 0
92431 1
92441 1
92451 1
92461 0
92471 1
92481 1
92491 0
92501 1
92511 0
92521 0
92531 1
92541 0
92551 1
92561 1
92571 1
92581 1
92591 0
92601 0
92611 0
92621 1
92631 1
92641 0
92651 1
92661 0
92671 1
92681 1
92691 1
92701 1
92711 1
92721 1
92731 1
92741 1
92751 1
92761 0
92771 0
92781 1
92791 1
92801 1
92811 1
92821 0
92831 1
92841 1
92851 0
92861 1
92871 1
92881 1
92891 0
92901 0
92911 1
92921 1
92931 1
92941 0
92951 1
92961 1
92971 1
92981 0
92991 0
93001 0
93011 1
93021 0
93031 1
93041 0
93051 0
93061 1
93071 1
93081 1
93091 1
93101 0
93111 0
93121 1
93131 1
93141 0
93151 1
93161 1
93171 1
93181 1
93191 1
93201 1
93211 1
93221 0
93231 1
93241 1
93251 1
93261 1
93271 0
93281 0
93291 1
93301 0
93311 1
93321 0
93331 1
93341 0
93351 0
93361 0
93371 1
93381 1
93391 1
93401 0
93411 1
93421 0
93431 1
93441 1
93451 0
93461 0
93471 0
93481 0
93491 1
93501 1
93511 0
93521 0
93531 1
93541 1
93551 1
93561 1
93571 1
93581 0
93591 0
93601 0
93611 1
93621 0
93631 1
93641 1
93651 1
93661 1
93671 1
93681 1
93691 0
93701 1
93711 1
93721 0
93731 0
93741 1
93751 1
93761 1
93771 1
93781 1
93791 1
93801 1
93811 1
93821 1
93831 1
93841 1
93851 0
93861 0
93871 0
93881 0
93891 0
93901 1
93911 1
93921 1
93931 1
93941 0
93951 1
93961 1
93971 0
93981 1
93991 1
94001 0
94011 0
94021 1
94031 1
94041 0
94051 1
94061 1
94071 1
94081 0
94091 1
94101 0
94111 1
94121 0
94131 0
94141 0
94151 1
94161 1
94171 1
94181 1
94191 1
94201 1
94211 1
94221 1
94231 0
94241 0
94251 0
94261 0
94271 0
94281 1
94291 1
94301 0
94311 1
94321 0
94331 1
94341 0
94351 0
94361 1
94371 1
94381 0
94391 1
94401 1
94411 1
94421 1
94431 1
94441 0
94451 0
94461 0
94471 0
94481 0
94491 1
94501 0
94511 1
94521 0
94531 0
94541 0
94551 1
94561 1
94571 1
94581 1
94591 1
94601 1
94611 1
94621 1
94631 1
94641 1
94651 0
94661 0
94671 1
94681 1
94691 1
94701 0
94711 1
94721 1
94731 0
94741 0
94751 1
94761 0
94771 1
94781 1
94791 1
94801 0
94811 1
94821 0
94831 1
94841 1
94851 1
94861 1
94871 1
94881 0
94891 0
94901 0
94911 0
94921 1
94931 0
94941 0
94951 0
94961 0
94971 1
94981 0
94991 1
95001 0
95011 1
95021 1
95031 0
95041 0
95051 1
95061 1
95071 1
95081 1
95091 0
95101 1
95111 1
95121 0
95131 0
95141 0
95151 1
95161 1
95171 1
95181 0
95191 1
95201 1
95211 0
95221 1
95231 0
95241 1
95251 0
95261 1
95271 0
95281 0
95291 1
95301 0
95311 0
95321 1
95331 0
95341 0
95351 0
95361 1
95371 1
95381 1
95391 1
95401 1
95411 0
95421 1
95431 1
95441 0
95451 0
95461 0
95471 1
95481 1
95491 0
95501 1
95511 1
95521 1
95531 1
95541 1
95551 0
95561 1
95571 0
95581 0
95591 1
95601 1
95611 0
95621 0
95631 1
95641 1
95651 0
95661 1
95671 0
95681 1
95691 1
95701 1
95711 1
95721 0
95731 1
95741 0
95751 0
95761 0
95771 0
95781 0
95791 0
95801 1
95811 1
95821 0
95831 1
95841 0
95851 1
95861 0
95871 1
95881 1
95891 1
95901 1
95911 1
95921 1
95931 0
95941 1
95951 1
95961 0
95971 1
95981 0
95991 1
96001 1
96011 0
96021 0
96031 1
96041 1
96051 1
96061 0
96071 1
96081 0
96091 0
96101 1
96111 0
96121 1
96131 0
96141 1
96151 1
96161 0
96171 1
96181 0
96191 1
96201 1
96211 0
96221 0
96231 0
96241 1
96251 1
96261 0
96271 1
96281 0
96291 1
96301 1
96311 1
96321 0
96331 0
96341 0
96351 1
96361 1
96371 0
96381 1
96391 1
96401 0
96411 0
96421 1
96431 0
96441 0
96451 1
96461 1
96471 1
96481 1
96491 0
96501 1
96511 0
96521 1
96531 1
96541 1
96551 0
96561 1
96571 0
96581 0
96591 0
96601 0
96611 0
96621 1
96631 0
96641 0
96651 0
96661 0
96671 1
96681 1
96691 1
96701 1
96711 0
96721 0
96731 0
96741 0
96751 1
96761 0
96771 1
96781 1
96791 1
96801 0
96811 0
96821 0
96831 0
96841 1
96851 1
96861 0
96871 1
96881 0
96891 1
96901 0
96911 1
96921 1
96931 1
96941 0
96951 1
96961 0
96971 0
96981 1
96991 0
97001 0
97011 1
97021 1
97031 0
97041 1
97051 1
97061 0
97071 1
97081 0
97091 1
97101 1
97111 1
97121 1
97131 0
97141 0
97151 0
97161 1
97171 1
97181 0
97191 0
97201 0
97211 1
97221 1
97231 0
97241 1
97251 1
97261 1
97271 0
97281 1
97291 0
97301 0
97311 0
97321 1
97331 1
97341 0
97351 0
97361 1
97371 1
97381 1
97391 0
97401 0
97411 1
97421 1
97431 0
97441 0
97451 0
97461 1
97471 1
97481 0
97491 1
97501 1
97511 1
97521 0
97531 0
97541 0
97551 0
97561 0
97571 0
97581 1
97591 1
97601 0
97611 1
97621 1
97631 1
97641 1
97651 0
97661 1
97671 0
97681 0
97691 1
97701 1
97711 0
97721 1
97731 1
97741 1
97751 0
97761 1
97771 1
97781 1
97791 1
97801 0
97811 1
97821 0
97831 1
97841 1
97851 1
97861 0
97871 0
97881 1
97891 1
97901 1
97911 1
97921 0
97931 1
97941 1
97951 0
97961 0
97971 0
97981 0
97991 0
98001 0
98011 1
98021 1
98031 1
98041 1
98051 0
98061 1
98071 1
98081 0
98091 1
98101 0
98111 1
98121 1
98131 0
98141 1
98151 1
98161 1
98171 0
98181 0
98191 1
98201 1
98211 0
98221 1
98231 0
98241 1
98251 1
98261 1
98271 0
98281 1
98291 1
98301 0
98311 0
98321 1
98331 1
98341 0
98351 1
98361 1
98371 1
98381 1
98391 0
98401 1
98411 1
98421 0
98431 0
98441 1
98451 0
98461 1
98471 0
98481 1
98491 1
98501 1
98511 0
98521 0
98531 1
98541 1
98551 0
98561 1
98571 1
98581 0
98591 0
98601 0
98611 0
98621 1
98631 0
98641 1
98651 1
98661 0
98671 0
98681 1
98691 0
98701 1
98711 0
98721 0
98731 0
98741 1
98751 0
98761 0
98771 0
98781 1
98791 1
98801 0
98811 1
98821 1
98831 1
98841 1
98851 0
98861 0
98871 1
98881 1
98891 0
98901 0
98911 0
98921 0
98931 1
98941 0
98951 0
98961 1
98971 0
98981 1
98991 1
99001 0
99011 1
99021 1
99031 1
99041 1
99051 1
99061 0
99071 0
99081 1
99091 0
99101 0
99111 1
99121 0
99131 1
99141 1
99151 0
99161 1
99171 0
99181 0
99191 0
99201 0
99211 1
99221 1
99231 1
99241 0
99251 1
99261 1
99271 1
99281 1
99291 1
99301 1
99311 1
99321 1
99331 1
99341 1
99351 0
99361 1
99371 1
99381 0
99391 1
99401 1
99411 0
99421 1
99431 1
99441 0
99451 1
99461 0
99471 0
99481 1
99491 0
99501 1
99511 1
99521 0
99531 1
99541 1
99551 1
99561 1
99571 0
99581 0
99591 0
99601 1
99611 0
99621 0
99631 1
99641 0
99651 1
99661 1
99671 0
99681 1
99691 1
99701 1
99711 1
99721 0
99731 1
99741 1
99751 0
99761 0
99771 0
99781 0
99791 1
99801 0
99811 0
99821 0
99831 0
99841 0
99851 1
99861 1
99871 0
99881 1
99891 1
99901 0
99911 1
99921 1
99931 1
99941 0
99951 1
99961 1
99971 0
99981 1
99991 0
